Date of Census,Total Adults in Shelter,Total Children in Shelter,Total Individuals in Shelter,Single Adult Men in Shelter,Single Adult Women in Shelter,Total Single Adults in Shelter,Families with Children in Shelter,Adults in Families with Children in Shelter,Children in Families with Children in Shelter,Total Individuals in Families with Children in Shelter ,Adult Families in Shelter,Individuals in Adult Families in Shelter
01/02/2017,36713,23343,60056,9804,3777,13581,12971,17834,23343,41177,2527,5298
01/03/2017,36710,23312,60022,9825,3769,13594,12956,17816,23312,41128,2528,5300
01/04/2017,36733,23308,60041,9850,3787,13637,12951,17804,23308,41112,2523,5292
01/05/2017,36785,23365,60150,9873,3785,13658,12992,17847,23365,41212,2516,5280
01/06/2017,36705,23386,60091,9807,3767,13574,12990,17837,23386,41223,2523,5294
01/07/2017,36764,23451,60215,9810,3783,13593,13013,17870,23451,41321,2526,5301
01/08/2017,36811,23438,60249,9855,3780,13635,13017,17879,23438,41317,2524,5297
01/09/2017,36889,23484,60373,9868,3805,13673,13040,17910,23484,41394,2529,5306
01/10/2017,36821,23416,60237,9859,3813,13672,12998,17848,23416,41264,2526,5301
01/11/2017,36805,23443,60248,9818,3796,13614,13017,17881,23443,41324,2531,5310
01/12/2017,36773,23471,60244,9790,3782,13572,13021,17883,23471,41354,2535,5318
01/13/2017,36760,23499,60259,9797,3774,13571,13033,17901,23499,41400,2521,5288
01/14/2017,36734,23464,60198,9792,3773,13565,13017,17884,23464,41348,2519,5285
01/15/2017,36746,23442,60188,9817,3786,13603,13010,17857,23442,41299,2520,5286
01/16/2017,36684,23431,60115,9860,3685,13545,13008,17852,23431,41283,2520,5287
01/17/2017,36843,23463,60306,9856,3804,13660,13024,17886,23463,41349,2526,5297
01/19/2017,36820,23455,60275,9876,3793,13669,13000,17853,23455,41308,2527,5298
01/20/2017,36783,23457,60240,9875,3767,13642,13016,17873,23457,41330,2511,5268
01/21/2017,36814,23412,60226,9907,3778,13685,13000,17848,23412,41260,2516,5281
01/26/2017,36949,23475,60424,9969,3795,13764,13056,17927,23475,41402,2506,5258
01/27/2017,36862,23472,60334,9919,3800,13719,13037,17895,23472,41367,2501,5248
01/28/2017,36814,23432,60246,9885,3810,13695,13013,17866,23432,41298,2502,5253
01/29/2017,36894,23415,60309,9918,3824,13742,13013,17874,23415,41289,2514,5278
01/30/2017,36964,23439,60403,9942,3833,13775,13033,17898,23439,41337,2520,5291
01/31/2017,36897,23424,60321,9913,3827,13740,13021,17887,23424,41311,2509,5270
02/01/2017,36829,23354,60183,9918,3794,13712,12997,17851,23354,41205,2509,5266
02/02/2017,36794,23315,60109,9915,3791,13706,12981,17820,23315,41135,2511,5268
02/03/2017,36755,23318,60073,9886,3797,13683,12980,17831,23318,41149,2497,5241
02/04/2017,36760,23352,60112,9895,3784,13679,12985,17846,23352,41198,2494,5235
02/05/2017,36842,23387,60229,9937,3801,13738,13001,17868,23387,41255,2494,5236
02/06/2017,36931,23399,60330,9966,3833,13799,13000,17880,23399,41279,2499,5252
02/07/2017,36853,23326,60179,9936,3847,13783,12959,17828,23326,41154,2495,5242
02/08/2017,36865,23333,60198,9944,3845,13789,12953,17817,23333,41150,2502,5259
02/09/2017,36959,23352,60311,9978,3849,13827,12978,17849,23352,41201,2514,5283
02/10/2017,36875,23323,60198,9955,3824,13779,12955,17822,23323,41145,2510,5274
02/11/2017,36788,23288,60076,9918,3835,13753,12934,17784,23288,41072,2498,5251
02/12/2017,36844,23267,60111,9972,3858,13830,12915,17753,23267,41020,2503,5261
02/13/2017,36790,23307,60097,9979,3754,13733,12939,17785,23307,41092,2508,5272
02/14/2017,36875,23280,60155,10003,3853,13856,12922,17761,23280,41041,2502,5258
02/15/2017,36859,23267,60126,10016,3845,13861,12909,17730,23267,40997,2507,5268
02/16/2017,36841,23264,60105,10024,3830,13854,12918,17735,23264,40999,2500,5252
02/17/2017,36794,23239,60033,9999,3821,13820,12918,17731,23239,40970,2496,5243
02/18/2017,36734,23242,59976,9949,3826,13775,12918,17730,23242,40972,2489,5229
02/19/2017,36756,23210,59966,9996,3820,13816,12908,17723,23210,40933,2483,5217
02/20/2017,36830,23218,60048,10012,3833,13845,12913,17731,23218,40949,2500,5254
02/21/2017,36843,23218,60061,10038,3820,13858,12897,17724,23218,40942,2503,5261
02/22/2017,36802,23170,59972,10031,3833,13864,12867,17677,23170,40847,2504,5261
02/23/2017,36773,23182,59955,10021,3810,13831,12881,17680,23182,40862,2503,5262
02/24/2017,36690,23153,59843,9951,3796,13747,12876,17676,23153,40829,2505,5267
02/25/2017,36705,23161,59866,9963,3794,13757,12885,17688,23161,40849,2501,5260
02/26/2017,36781,23163,59944,10029,3817,13846,12882,17677,23163,40840,2500,5258
02/27/2017,36796,23201,59997,10036,3815,13851,12885,17684,23201,40885,2501,5261
02/28/2017,36764,23145,59909,10042,3826,13868,12858,17647,23145,40792,2495,5249
03/01/2017,36673,23157,59830,9970,3793,13763,12863,17650,23157,40807,2501,5260
03/02/2017,36693,23101,59794,10000,3796,13796,12837,17621,23101,40722,2508,5276
03/03/2017,36674,23083,59757,9985,3803,13788,12826,17615,23083,40698,2506,5271
03/04/2017,36659,23079,59738,9984,3813,13797,12823,17605,23079,40684,2500,5257
03/05/2017,36686,23072,59758,10004,3817,13821,12818,17602,23072,40674,2503,5263
03/06/2017,36793,23117,59910,10057,3829,13886,12849,17637,23117,40754,2509,5270
03/07/2017,36738,23104,59842,10075,3825,13900,12842,17610,23104,40714,2488,5228
03/08/2017,36694,23041,59735,10056,3825,13881,12832,17584,23041,40625,2487,5229
03/09/2017,36740,23053,59793,10044,3833,13877,12843,17626,23053,40679,2492,5237
03/10/2017,36636,22961,59597,10031,3814,13845,12800,17551,22961,40512,2493,5240
03/11/2017,36632,22998,59630,10008,3804,13812,12822,17585,22998,40583,2491,5235
03/12/2017,36588,22994,59582,10050,3696,13746,12821,17586,22994,40580,2500,5256
03/13/2017,36819,23032,59851,10083,3836,13919,12830,17603,23032,40635,2520,5297
03/14/2017,36848,23012,59860,10085,3863,13948,12815,17591,23012,40603,2526,5309
03/15/2017,36864,22966,59830,10152,3869,14021,12788,17553,22966,40519,2517,5290
03/16/2017,36787,22973,59760,10107,3859,13966,12784,17548,22973,40521,2509,5273
03/17/2017,36714,22972,59686,10069,3844,13913,12788,17549,22972,40521,2500,5252
03/18/2017,36605,22859,59464,10073,3838,13911,12737,17469,22859,40328,2487,5225
03/19/2017,36614,22875,59489,10086,3838,13924,12739,17464,22875,40339,2488,5226
03/20/2017,36661,22876,59537,10089,3841,13930,12742,17476,22876,40352,2500,5255
03/21/2017,36584,22790,59374,10088,3847,13935,12694,17411,22790,40201,2494,5238
03/22/2017,36590,22787,59377,10110,3842,13952,12690,17396,22787,40183,2495,5242
03/23/2017,36590,22814,59404,10101,3837,13938,12706,17423,22814,40237,2490,5229
03/24/2017,36527,22754,59281,10079,3821,13900,12674,17381,22754,40135,2498,5246
03/25/2017,36449,22709,59158,10034,3816,13850,12654,17347,22709,40056,2501,5252
03/26/2017,36516,22728,59244,10068,3829,13897,12662,17349,22728,40077,2507,5270
03/27/2017,36594,22761,59355,10097,3840,13937,12684,17387,22761,40148,2507,5270
03/28/2017,36552,22701,59253,10095,3846,13941,12657,17353,22701,40054,2502,5258
03/29/2017,36521,22723,59244,10067,3820,13887,12668,17364,22723,40087,2507,5270
03/30/2017,36517,22723,59240,10083,3808,13891,12669,17356,22723,40079,2506,5270
03/31/2017,36393,22649,59042,10046,3774,13820,12631,17303,22649,39952,2507,5270
04/01/2017,36234,22540,58774,10012,3782,13794,12571,17198,22540,39738,2495,5242
04/02/2017,36232,22561,58793,9980,3790,13770,12584,17216,22561,39777,2496,5246
04/03/2017,36392,22591,58983,10112,3801,13913,12605,17250,22591,39841,2487,5229
04/04/2017,36392,22571,58963,10090,3798,13888,12594,17237,22571,39808,2505,5267
04/05/2017,36408,22557,58965,10099,3815,13914,12585,17214,22557,39771,2512,5280
04/06/2017,36397,22484,58881,10134,3825,13959,12552,17175,22484,39659,2501,5263
04/07/2017,36348,22455,58803,10120,3805,13925,12542,17162,22455,39617,2500,5261
04/08/2017,36325,22465,58790,10108,3800,13908,12541,17163,22465,39628,2497,5254
04/09/2017,36378,22494,58872,10119,3820,13939,12553,17186,22494,39680,2495,5253
04/10/2017,36412,22506,58918,10122,3813,13935,12557,17197,22506,39703,2508,5280
04/11/2017,36388,22481,58869,10110,3808,13918,12560,17215,22481,39696,2496,5255
04/12/2017,36354,22439,58793,10102,3823,13925,12529,17164,22439,39603,2501,5265
04/18/2017,36466,22369,58835,10195,3825,14020,12478,17121,22369,39490,2529,5325
04/19/2017,36533,22388,58921,10218,3842,14060,12497,17140,22388,39528,2533,5333
04/20/2017,36521,22409,58930,10186,3846,14032,12511,17147,22409,39556,2536,5342
04/21/2017,36475,22385,58860,10153,3810,13963,12501,17142,22385,39527,2550,5370
04/22/2017,36511,22416,58927,10146,3824,13970,12516,17173,22416,39589,2548,5368
04/23/2017,36573,22458,59031,10175,3825,14000,12546,17212,22458,39670,2545,5361
04/24/2017,36614,22437,59051,10198,3828,14026,12536,17203,22437,39640,2557,5385
04/25/2017,36573,22465,59038,10193,3842,14035,12536,17207,22465,39672,2532,5331
04/26/2017,36556,22455,59011,10175,3837,14012,12530,17189,22455,39644,2542,5355
04/27/2017,36586,22473,59059,10176,3826,14002,12556,17226,22473,39699,2542,5358
04/28/2017,36470,22457,58927,10074,3823,13897,12562,17236,22457,39693,2533,5337
04/29/2017,36363,22393,58756,10075,3813,13888,12509,17161,22393,39554,2521,5314
04/30/2017,36486,22392,58878,10152,3819,13971,12508,17165,22392,39557,2540,5350
05/01/2017,36477,22415,58892,10123,3802,13925,12527,17197,22415,39612,2543,5355
05/02/2017,36367,22335,58702,10171,3795,13966,12479,17136,22335,39471,2498,5265
05/03/2017,36426,22377,58803,10160,3810,13970,12502,17164,22377,39541,2512,5292
05/04/2017,36347,22357,58704,10166,3799,13965,12484,17139,22357,39496,2488,5243
05/05/2017,36243,22300,58543,10149,3791,13940,12452,17077,22300,39377,2478,5226
05/06/2017,36204,22302,58506,10101,3810,13911,12443,17050,22302,39352,2486,5243
05/07/2017,36299,22345,58644,10165,3821,13986,12454,17073,22345,39418,2485,5240
05/08/2017,36364,22389,58753,10189,3821,14010,12472,17096,22389,39485,2494,5258
05/09/2017,36342,22379,58721,10157,3837,13994,12460,17092,22379,39471,2493,5256
05/10/2017,36331,22414,58745,10177,3762,13939,12492,17124,22414,39538,2498,5268
05/11/2017,36347,22403,58750,10168,3817,13985,12488,17103,22403,39506,2494,5259
05/12/2017,36295,22351,58646,10149,3815,13964,12456,17063,22351,39414,2498,5268
05/13/2017,36337,22358,58695,10183,3817,14000,12469,17085,22358,39443,2491,5252
05/15/2017,36307,22312,58619,10177,3811,13988,12437,17055,22312,39367,2498,5264
05/16/2017,36338,22296,58634,10189,3846,14035,12435,17050,22296,39346,2493,5253
05/17/2017,36435,22374,58809,10197,3848,14045,12489,17121,22374,39495,2500,5269
05/18/2017,36344,22323,58667,10168,3826,13994,12454,17084,22323,39407,2499,5266
05/19/2017,36312,22309,58621,10150,3812,13962,12457,17079,22309,39388,2501,5271
05/20/2017,36358,22335,58693,10162,3825,13987,12482,17107,22335,39442,2496,5264
05/21/2017,36396,22307,58703,10190,3831,14021,12476,17096,22307,39403,2504,5279
05/22/2017,36421,22295,58716,10216,3848,14064,12463,17094,22295,39389,2496,5263
05/23/2017,36324,22257,58581,10204,3834,14038,12436,17053,22257,39310,2481,5233
05/28/2017,36254,22287,58541,10134,3826,13960,12476,17091,22287,39378,2465,5203
05/29/2017,36292,22258,58550,10217,3828,14045,12456,17058,22258,39316,2458,5189
05/30/2017,36291,22214,58505,10230,3849,14079,12430,17021,22214,39235,2459,5191
05/31/2017,36233,22179,58412,10219,3839,14058,12413,16993,22179,39172,2455,5182
06/01/2017,36112,22149,58261,10139,3811,13950,12419,16989,22149,39138,2452,5173
06/02/2017,36121,22201,58322,10100,3787,13887,12443,17032,22201,39233,2465,5202
06/03/2017,36056,22144,58200,10102,3780,13882,12408,16989,22144,39133,2457,5185
06/04/2017,36186,22163,58349,10175,3805,13980,12426,17011,22163,39174,2462,5195
06/05/2017,36280,22194,58474,10220,3820,14040,12433,17022,22194,39216,2473,5218
06/06/2017,36149,22153,58302,10221,3713,13934,12406,16992,22153,39145,2474,5223
06/07/2017,36290,22173,58463,10223,3829,14052,12433,17016,22173,39189,2473,5222
06/08/2017,36281,22100,58381,10237,3841,14078,12398,16967,22100,39067,2480,5236
06/09/2017,36194,22104,58298,10181,3822,14003,12411,16978,22104,39082,2470,5213
06/10/2017,36121,22089,58210,10127,3812,13939,12393,16954,22089,39043,2476,5228
06/11/2017,36151,22106,58257,10137,3827,13964,12401,16970,22106,39076,2470,5217
06/12/2017,36147,22091,58238,10150,3813,13963,12400,16966,22091,39057,2469,5218
06/13/2017,36126,22042,58168,10131,3837,13968,12362,16926,22042,38968,2477,5232
06/14/2017,36167,22097,58264,10150,3824,13974,12396,16956,22097,39053,2479,5237
06/15/2017,36168,22082,58250,10171,3826,13997,12386,16948,22082,39030,2474,5223
06/16/2017,36104,22091,58195,10121,3802,13923,12398,16985,22091,39076,2460,5196
06/17/2017,36112,22068,58180,10141,3802,13943,12388,16971,22068,39039,2461,5198
06/18/2017,36165,22119,58284,10135,3818,13953,12414,17002,22119,39121,2467,5210
06/19/2017,36260,22144,58404,10189,3834,14023,12422,17022,22144,39166,2469,5215
06/20/2017,36182,22036,58218,10181,3827,14008,12375,16951,22036,38987,2473,5223
06/21/2017,36178,22067,58245,10180,3818,13998,12394,16965,22067,39032,2470,5215
06/25/2017,36173,22117,58290,10177,3796,13973,12406,16981,22117,39098,2471,5219
06/26/2017,36154,22119,58273,10173,3793,13966,12407,16992,22119,39111,2460,5196
06/27/2017,36209,22142,58351,10220,3823,14043,12404,16995,22142,39137,2448,5171
06/28/2017,36190,22179,58369,10185,3800,13985,12439,17030,22179,39209,2449,5175
06/29/2017,36184,22187,58371,10162,3818,13980,12443,17039,22187,39226,2444,5165
06/30/2017,35994,22165,58159,10056,3782,13838,12439,17021,22165,39186,2431,5135
07/01/2017,35976,22165,58141,10059,3776,13835,12418,17004,22165,39169,2432,5137
07/02/2017,36007,22127,58134,10079,3809,13888,12388,16970,22127,39097,2437,5149
07/03/2017,36013,22088,58101,10066,3811,13877,12371,16957,22088,39045,2450,5179
07/04/2017,35890,22047,57937,10008,3796,13804,12349,16933,22047,38980,2438,5153
07/05/2017,36054,22074,58128,10073,3830,13903,12365,16955,22074,39029,2459,5196
07/06/2017,36082,22078,58160,10117,3832,13949,12368,16952,22078,39030,2452,5181
07/07/2017,36042,22111,58153,10069,3818,13887,12382,16967,22111,39078,2456,5188
07/08/2017,36015,22142,58157,10030,3803,13833,12398,17003,22142,39145,2452,5179
07/09/2017,36111,22139,58250,10107,3824,13931,12387,16981,22139,39120,2463,5199
07/10/2017,36138,22135,58273,10097,3840,13937,12393,16997,22135,39132,2465,5204
07/11/2017,36136,22135,58271,10092,3843,13935,12385,16977,22135,39112,2475,5224
07/12/2017,36144,22175,58319,10104,3844,13948,12395,16989,22175,39164,2467,5207
07/13/2017,36101,22156,58257,10099,3835,13934,12384,16957,22156,39113,2467,5210
07/14/2017,36142,22214,58356,10077,3837,13914,12428,17017,22214,39231,2469,5211
07/15/2017,36140,22236,58376,10051,3834,13885,12448,17048,22236,39284,2468,5207
07/16/2017,36225,22254,58479,10095,3862,13957,12452,17058,22254,39312,2469,5210
07/17/2017,36249,22234,58483,10141,3868,14009,12435,17030,22234,39264,2469,5210
07/18/2017,36217,22200,58417,10156,3860,14016,12421,17004,22200,39204,2462,5197
07/19/2017,36262,22220,58482,10125,3872,13997,12442,17052,22220,39272,2469,5213
07/20/2017,36275,22223,58498,10154,3883,14037,12431,17034,22223,39257,2466,5204
07/21/2017,36229,22209,58438,10102,3864,13966,12435,17033,22209,39242,2477,5230
07/22/2017,36221,22229,58450,10080,3859,13939,12452,17044,22229,39273,2480,5238
07/23/2017,36283,22207,58490,10130,3880,14010,12438,17023,22207,39230,2486,5250
07/24/2017,36307,22184,58491,10154,3895,14049,12417,17004,22184,39188,2489,5254
07/25/2017,36311,22204,58515,10184,3877,14061,12416,17004,22204,39208,2486,5246
07/26/2017,36352,22223,58575,10183,3896,14079,12431,17023,22223,39246,2488,5250
07/27/2017,36364,22231,58595,10187,3894,14081,12433,17023,22231,39254,2492,5260
07/28/2017,36278,22235,58513,10096,3885,13981,12431,17029,22235,39264,2495,5268
07/29/2017,36269,22222,58491,10093,3893,13986,12423,17022,22222,39244,2494,5261
07/30/2017,36324,22229,58553,10132,3901,14033,12429,17032,22229,39261,2493,5259
07/31/2017,36342,22232,58574,10132,3905,14037,12423,17025,22232,39257,2503,5280
08/01/2017,36195,22170,58365,10085,3872,13957,12379,16962,22170,39132,2501,5276
08/02/2017,36292,22156,58448,10125,3900,14025,12393,16979,22156,39135,2507,5288
08/03/2017,36293,22235,58528,10084,3892,13976,12424,17022,22235,39257,2509,5295
08/04/2017,36272,22247,58519,10045,3883,13928,12429,17042,22247,39289,2512,5302
08/05/2017,36296,22266,58562,10044,3889,13933,12444,17064,22266,39330,2511,5299
08/06/2017,36467,22298,58765,10149,3910,14059,12464,17094,22298,39392,2517,5314
08/07/2017,36505,22298,58803,10205,3911,14116,12462,17093,22298,39391,2509,5296
08/08/2017,36467,22261,58728,10209,3911,14120,12435,17062,22261,39323,2504,5285
08/09/2017,36435,22240,58675,10187,3908,14095,12431,17047,22240,39287,2508,5293
08/10/2017,36508,22328,58836,10196,3914,14110,12482,17096,22328,39424,2513,5302
08/11/2017,36431,22302,58733,10133,3893,14026,12476,17089,22302,39391,2519,5316
08/12/2017,36439,22313,58752,10130,3892,14022,12480,17095,22313,39408,2521,5322
08/13/2017,36554,22362,58916,10204,3904,14108,12508,17135,22362,39497,2515,5311
08/14/2017,36622,22357,58979,10245,3913,14158,12504,17136,22357,39493,2525,5328
08/15/2017,36626,22349,58975,10241,3927,14168,12501,17128,22349,39477,2526,5330
08/16/2017,36688,22426,59114,10251,3927,14178,12529,17166,22426,39592,2533,5344
08/17/2017,36590,22355,58945,10239,3924,14163,12501,17125,22355,39480,2511,5302
08/18/2017,36517,22359,58876,10184,3892,14076,12500,17129,22359,39488,2516,5312
08/19/2017,36475,22327,58802,10162,3895,14057,12484,17107,22327,39434,2516,5311
08/20/2017,36591,22366,58957,10222,3906,14128,12502,17140,22366,39506,2522,5323
08/21/2017,36665,22387,59052,10248,3919,14167,12518,17165,22387,39552,2527,5333
08/22/2017,36612,22380,58992,10232,3900,14132,12510,17164,22380,39544,2519,5316
08/23/2017,36653,22418,59071,10223,3925,14148,12531,17188,22418,39606,2520,5317
08/24/2017,36674,22452,59126,10244,3919,14163,12542,17196,22452,39648,2518,5315
08/25/2017,36640,22472,59112,10191,3932,14123,12558,17212,22472,39684,2513,5305
08/26/2017,36601,22426,59027,10170,3951,14121,12545,17184,22426,39610,2509,5296
08/27/2017,36685,22418,59103,10242,3979,14221,12541,17176,22418,39594,2506,5288
08/28/2017,36776,22495,59271,10249,3979,14228,12584,17245,22495,39740,2513,5303
08/29/2017,36799,22512,59311,10265,3981,14246,12575,17219,22512,39731,2530,5334
08/30/2017,36881,22631,59512,10258,3982,14240,12642,17311,22631,39942,2528,5330
08/31/2017,36878,22624,59502,10272,3995,14267,12640,17308,22624,39932,2514,5303
09/01/2017,36697,22655,59352,10142,3919,14061,12666,17344,22655,39999,2507,5292
09/02/2017,36644,22627,59271,10146,3913,14059,12650,17315,22627,39942,2495,5270
09/03/2017,36805,22675,59480,10224,3936,14160,12676,17349,22675,40024,2506,5296
09/04/2017,36761,22640,59401,10240,3947,14187,12639,17295,22640,39935,2498,5279
09/05/2017,36844,22712,59556,10238,3955,14193,12683,17371,22712,40083,2498,5280
09/06/2017,36825,22689,59514,10262,3949,14211,12656,17354,22689,40043,2488,5260
09/07/2017,36845,22730,59575,10228,3950,14178,12687,17381,22730,40111,2502,5286
09/08/2017,36818,22779,59597,10218,3924,14142,12687,17369,22779,40148,2512,5307
09/09/2017,36757,22773,59530,10168,3920,14088,12685,17367,22773,40140,2510,5302
09/10/2017,36859,22766,59625,10234,3950,14184,12693,17375,22766,40141,2509,5300
09/11/2017,36962,22870,59832,10230,3951,14181,12736,17446,22870,40316,2526,5335
09/12/2017,36952,22823,59775,10250,3948,14198,12716,17414,22823,40237,2529,5340
09/13/2017,36972,22840,59812,10240,3972,14212,12728,17428,22840,40268,2525,5332
09/14/2017,36990,22873,59863,10236,3979,14215,12734,17427,22873,40300,2532,5348
09/15/2017,36942,22869,59811,10201,3967,14168,12737,17431,22869,40300,2529,5343
09/16/2017,36937,22898,59835,10189,3947,14136,12747,17448,22898,40346,2533,5353
09/17/2017,37044,22927,59971,10253,3962,14215,12766,17475,22927,40402,2534,5354
09/18/2017,37016,22866,59882,10250,3978,14228,12732,17432,22866,40298,2535,5356
09/19/2017,37043,22923,59966,10257,3994,14251,12755,17473,22923,40396,2517,5319
09/20/2017,37067,22952,60019,10251,3989,14240,12776,17484,22952,40436,2526,5343
09/21/2017,37125,22991,60116,10266,3988,14254,12805,17525,22991,40516,2528,5346
09/22/2017,37033,23007,60040,10207,3974,14181,12805,17522,23007,40529,2521,5330
09/23/2017,37035,23079,60114,10188,3961,14149,12839,17564,23079,40643,2517,5322
09/24/2017,37087,23024,60111,10262,3982,14244,12807,17516,23024,40540,2520,5327
09/25/2017,37076,22945,60021,10268,4003,14271,12774,17479,22945,40424,2520,5326
09/26/2017,37085,22971,60056,10264,4000,14264,12796,17486,22971,40457,2524,5335
09/27/2017,37090,23004,60094,10267,3986,14253,12818,17510,23004,40514,2521,5327
09/28/2017,37112,23031,60143,10259,4000,14259,12843,17545,23031,40576,2513,5308
09/29/2017,36935,22987,59922,10142,3971,14113,12812,17511,22987,40498,2514,5311
09/30/2017,36959,22930,59889,10197,3968,14165,12795,17489,22930,40419,2511,5305
10/01/2017,37059,23038,60097,10197,3998,14195,12851,17569,23038,40607,2507,5295
10/02/2017,37043,23002,60045,10223,3997,14220,12818,17542,23002,40544,2500,5281
10/03/2017,37064,23084,60148,10234,3995,14229,12843,17563,23084,40647,2497,5272
10/04/2017,37146,23068,60214,10266,4030,14296,12838,17551,23068,40619,2509,5299
10/05/2017,37064,22987,60051,10257,4035,14292,12799,17500,22987,40487,2496,5272
10/06/2017,37008,23042,60050,10191,3996,14187,12822,17540,23042,40582,2500,5281
10/07/2017,36932,22953,59885,10170,4008,14178,12797,17508,22953,40461,2484,5246
10/08/2017,37043,22967,60010,10249,4039,14288,12801,17504,22967,40471,2486,5251
10/09/2017,37125,22964,60089,10280,4057,14337,12804,17538,22964,40502,2486,5250
10/10/2017,37192,23045,60237,10276,4055,14331,12845,17591,23045,40636,2495,5270
10/11/2017,37264,23086,60350,10308,4075,14383,12866,17610,23086,40696,2496,5271
10/12/2017,37267,23067,60334,10301,4087,14388,12857,17591,23067,40658,2505,5288
10/13/2017,37219,23098,60317,10272,4069,14341,12863,17594,23098,40692,2504,5284
10/14/2017,37064,23083,60147,10209,4022,14231,12857,17577,23083,40660,2491,5256
10/15/2017,37197,23138,60335,10248,4044,14292,12899,17642,23138,40780,2495,5263
10/16/2017,37298,23138,60436,10286,4062,14348,12914,17668,23138,40806,2504,5282
10/17/2017,37182,23123,60305,10281,3928,14209,12907,17667,23123,40790,2515,5306
10/18/2017,37353,23172,60525,10275,4067,14342,12935,17702,23172,40874,2518,5309
10/19/2017,37352,23173,60525,10282,4064,14346,12954,17713,23173,40886,2511,5293
10/20/2017,37274,23173,60447,10220,4043,14263,12945,17717,23173,40890,2512,5294
10/21/2017,37291,23228,60519,10246,4025,14271,12963,17740,23228,40968,2504,5280
10/22/2017,37355,23182,60537,10303,4060,14363,12944,17721,23182,40903,2499,5271
10/23/2017,37287,23071,60358,10299,4068,14367,12895,17655,23071,40726,2496,5265
10/24/2017,37325,23056,60381,10317,4071,14388,12895,17644,23056,40700,2509,5293
10/25/2017,37331,23121,60452,10306,4061,14367,12914,17659,23121,40780,2516,5305
10/26/2017,37326,23131,60457,10330,4065,14395,12912,17639,23131,40770,2511,5292
10/27/2017,37160,23056,60216,10252,4041,14293,12884,17603,23056,40659,2498,5264
10/28/2017,37135,23047,60182,10236,4044,14280,12870,17593,23047,40640,2497,5262
10/29/2017,37250,23060,60310,10316,4051,14367,12879,17606,23060,40666,2504,5277
10/30/2017,37282,23069,60351,10339,4063,14402,12887,17616,23069,40685,2497,5264
10/31/2017,37182,22996,60178,10305,4052,14357,12845,17560,22996,40556,2497,5265
11/01/2017,37121,22988,60109,10283,4031,14314,12837,17546,22988,40534,2495,5261
11/02/2017,37088,22905,59993,10285,4040,14325,12799,17492,22905,40397,2500,5271
11/05/2017,37122,22944,60066,10307,4031,14338,12818,17522,22944,40466,2496,5262
11/06/2017,37252,23013,60265,10330,4040,14370,12869,17597,23013,40610,2506,5285
11/07/2017,37270,22947,60217,10370,4063,14433,12837,17553,22947,40500,2506,5284
11/08/2017,37303,22976,60279,10366,4069,14435,12864,17589,22976,40565,2505,5279
11/09/2017,37264,22954,60218,10377,4069,14446,12841,17550,22954,40504,2501,5268
11/10/2017,37282,22966,60248,10373,4077,14450,12860,17575,22966,40541,2494,5257
11/11/2017,37146,22932,60078,10336,4044,14380,12829,17534,22932,40466,2481,5232
11/12/2017,37275,23012,60287,10381,4062,14443,12866,17586,23012,40598,2489,5246
11/13/2017,37340,22965,60305,10439,4078,14517,12847,17570,22965,40535,2492,5253
11/14/2017,37360,22965,60325,10436,4091,14527,12834,17560,22965,40525,2501,5273
11/15/2017,37364,22988,60352,10432,4075,14507,12842,17555,22988,40543,2514,5302
11/16/2017,37387,22994,60381,10460,4092,14552,12844,17554,22994,40548,2503,5281
11/18/2017,37268,22895,60163,10450,4079,14529,12789,17464,22895,40359,2502,5275
11/19/2017,37278,22930,60208,10437,4066,14503,12806,17487,22930,40417,2509,5288
11/20/2017,37395,22968,60363,10501,4059,14560,12825,17530,22968,40498,2517,5305
11/21/2017,37414,22954,60368,10499,4076,14575,12833,17549,22954,40503,2511,5290
11/22/2017,37371,22945,60316,10495,4056,14551,12832,17534,22945,40479,2507,5286
11/23/2017,37279,22936,60215,10410,4056,14466,12833,17534,22936,40470,2504,5279
11/24/2017,37328,22933,60261,10460,4066,14526,12820,17517,22933,40450,2507,5285
11/25/2017,37250,22863,60113,10465,4058,14523,12773,17451,22863,40314,2503,5276
11/26/2017,37321,22858,60179,10510,4084,14594,12762,17442,22858,40300,2508,5285
11/27/2017,37394,22885,60279,10531,4094,14625,12785,17482,22885,40367,2509,5287
11/28/2017,37433,22908,60341,10540,4095,14635,12799,17498,22908,40406,2516,5300
11/29/2017,37464,22911,60375,10542,4116,14658,12792,17484,22911,40395,2526,5322
11/30/2017,37400,22830,60230,10531,4105,14636,12773,17451,22830,40281,2522,5313
12/01/2017,37262,22887,60149,10449,4067,14516,12784,17455,22887,40342,2510,5291
12/02/2017,37259,22905,60164,10490,4056,14546,12794,17467,22905,40372,2489,5246
12/03/2017,37372,22916,60288,10534,4078,14612,12810,17492,22916,40408,2498,5268
12/04/2017,37414,22934,60348,10525,4070,14595,12826,17521,22934,40455,2512,5298
12/05/2017,37413,22918,60331,10531,4077,14608,12810,17517,22918,40435,2507,5288
12/06/2017,37569,22966,60535,10600,4114,14714,12844,17565,22966,40531,2506,5290
12/07/2017,37516,22936,60452,10579,4112,14691,12827,17540,22936,40476,2506,5285
12/08/2017,37438,22903,60341,10572,4081,14653,12809,17516,22903,40419,2497,5269
12/09/2017,37442,22927,60369,10562,4077,14639,12825,17537,22927,40464,2496,5266
12/10/2017,37528,22980,60508,10604,4077,14681,12848,17570,22980,40550,2503,5277
12/12/2017,37522,22929,60451,10606,4098,14704,12822,17532,22929,40461,2507,5286
12/13/2017,37594,22916,60510,10648,4109,14757,12821,17533,22916,40449,2517,5304
12/14/2017,37646,22947,60593,10665,4119,14784,12826,17542,22947,40489,2524,5320
12/15/2017,37628,22957,60585,10641,4093,14734,12833,17557,22957,40514,2532,5337
12/16/2017,37521,22926,60447,10577,4093,14670,12819,17536,22926,40462,2520,5315
12/17/2017,37580,22929,60509,10628,4100,14728,12815,17541,22929,40470,2520,5311
12/18/2017,37575,22905,60480,10626,4103,14729,12806,17526,22905,40431,2522,5320
12/19/2017,37523,22835,60358,10634,4093,14727,12772,17489,22835,40324,2516,5307
12/20/2017,37530,22829,60359,10650,4094,14744,12774,17478,22829,40307,2515,5308
12/21/2017,37563,22820,60383,10643,4092,14735,12785,17487,22820,40307,2530,5341
12/22/2017,37484,22824,60308,10621,4080,14701,12765,17467,22824,40291,2517,5316
12/23/2017,37391,22785,60176,10584,4055,14639,12744,17438,22785,40223,2517,5314
12/24/2017,37401,22806,60207,10589,4049,14638,12755,17453,22806,40259,2516,5310
12/25/2017,37456,22830,60286,10621,4051,14672,12774,17471,22830,40301,2518,5313
12/26/2017,37468,22760,60228,10660,4069,14729,12742,17415,22760,40175,2523,5324
12/27/2017,37365,22668,60033,10632,4086,14718,12684,17345,22668,40013,2512,5302
12/28/2017,37387,22692,60079,10657,4051,14708,12710,17375,22692,40067,2513,5304
12/29/2017,37356,22694,60050,10632,4034,14666,12722,17384,22694,40078,2513,5306
12/30/2017,37322,22695,60017,10627,4030,14657,12716,17384,22695,40079,2503,5281
12/31/2017,37248,22685,59933,10564,4012,14576,12707,17379,22685,40064,2507,5293
01/01/2018,37388,22711,60099,10644,4039,14683,12721,17396,22711,40107,2516,5309
01/02/2018,37444,22682,60126,10695,4064,14759,12706,17377,22682,40059,2516,5308
01/03/2018,37301,22542,59843,10684,4047,14731,12619,17279,22542,39821,2507,5291
01/04/2018,37461,22636,60097,10706,4061,14767,12691,17385,22636,40021,2516,5309
01/05/2018,37354,22566,59920,10688,4049,14737,12638,17303,22566,39869,2517,5314
01/06/2018,37313,22579,59892,10686,4027,14713,12644,17312,22579,39891,2504,5288
01/07/2018,37435,22657,60092,10698,4044,14742,12693,17388,22657,40045,2512,5305
01/08/2018,37505,22655,60160,10715,4079,14794,12696,17398,22655,40053,2514,5313
01/09/2018,37449,22595,60044,10746,4064,14810,12664,17350,22595,39945,2505,5289
01/10/2018,37481,22627,60108,10762,4068,14830,12686,17366,22627,39993,2503,5285
01/11/2018,37571,22725,60296,10776,4087,14863,12747,17448,22725,40173,2492,5260
01/12/2018,37454,22759,60213,10689,4047,14736,12744,17457,22759,40216,2494,5261
01/13/2018,37467,22710,60177,10723,4058,14781,12716,17420,22710,40130,2496,5266
01/14/2018,37641,22760,60401,10807,4082,14889,12759,17476,22760,40236,2500,5276
01/15/2018,37667,22813,60480,10774,4110,14884,12777,17496,22813,40309,2505,5287
01/16/2018,37655,22786,60441,10792,4092,14884,12771,17485,22786,40271,2504,5286
01/17/2018,37718,22813,60531,10805,4115,14920,12793,17511,22813,40324,2506,5287
01/18/2018,37777,22783,60560,10812,4150,14962,12775,17479,22783,40262,2530,5336
01/19/2018,37742,22795,60537,10792,4136,14928,12801,17500,22795,40295,2519,5314
01/20/2018,37742,22888,60630,10782,4104,14886,12848,17556,22888,40444,2511,5300
01/21/2018,37829,22874,60703,10834,4124,14958,12847,17571,22874,40445,2511,5300
01/22/2018,37823,22824,60647,10877,4123,15000,12817,17527,22824,40351,2511,5296
01/23/2018,37852,22880,60732,10883,4137,15020,12835,17553,22880,40433,2502,5279
01/24/2018,37891,22904,60795,10893,4138,15031,12856,17561,22904,40465,2513,5299
01/25/2018,37926,22919,60845,10920,4126,15046,12874,17596,22919,40515,2505,5284
01/26/2018,37916,22927,60843,10905,4122,15027,12876,17595,22927,40522,2505,5294
01/27/2018,37875,22922,60797,10902,4114,15016,12874,17591,22922,40513,2494,5268
01/28/2018,37931,22930,60861,10939,4120,15059,12883,17603,22930,40533,2493,5269
01/29/2018,37973,22930,60903,10913,4145,15058,12870,17602,22930,40532,2516,5313
01/30/2018,38009,22906,60915,10976,4143,15119,12853,17580,22906,40486,2515,5310
01/31/2018,38088,22950,61038,10989,4150,15139,12878,17619,22950,40569,2524,5330
02/01/2018,38059,22970,61029,10997,4128,15125,12894,17636,22970,40606,2512,5298
02/02/2018,37976,22974,60950,10974,4101,15075,12887,17629,22974,40603,2500,5272
02/03/2018,38019,22983,61002,10988,4116,15104,12891,17629,22983,40612,2506,5286
02/04/2018,38047,22978,61025,10999,4128,15127,12889,17628,22978,40606,2509,5292
02/05/2018,38040,22985,61025,11011,4111,15122,12882,17614,22985,40599,2515,5304
02/06/2018,38038,22964,61002,11009,4151,15160,12870,17598,22964,40562,2503,5280
02/07/2018,38108,22967,61075,11033,4175,15208,12872,17597,22967,40564,2514,5303
02/08/2018,38053,22918,60971,11042,4164,15206,12851,17572,22918,40490,2501,5275
02/09/2018,38035,22891,60926,11032,4164,15196,12853,17579,22891,40470,2492,5260
02/10/2018,37885,22831,60716,10980,4144,15124,12812,17512,22831,40343,2488,5249
02/11/2018,37939,22853,60792,11024,4171,15195,12815,17513,22853,40366,2479,5231
02/12/2018,37963,22791,60754,11043,4184,15227,12786,17479,22791,40270,2491,5257
02/13/2018,37978,22782,60760,11071,4188,15259,12779,17472,22782,40254,2489,5247
02/14/2018,37969,22786,60755,11055,4183,15238,12784,17477,22786,40263,2491,5254
02/15/2018,38009,22766,60775,11078,4203,15281,12782,17474,22766,40240,2490,5254
02/16/2018,37900,22693,60593,11026,4184,15210,12760,17442,22693,40135,2487,5248
02/17/2018,37835,22651,60486,11018,4193,15211,12737,17406,22651,40057,2472,5218
02/18/2018,37899,22662,60561,11058,4188,15246,12743,17423,22662,40085,2479,5230
02/19/2018,37930,22622,60552,11086,4211,15297,12725,17395,22622,40017,2483,5238
02/20/2018,37909,22620,60529,11062,4195,15257,12737,17410,22620,40030,2485,5242
02/21/2018,37874,22598,60472,11094,4187,15281,12722,17372,22598,39970,2474,5221
02/22/2018,37916,22654,60570,11118,4189,15307,12739,17385,22654,40039,2477,5224
02/23/2018,37839,22639,60478,11047,4189,15236,12736,17382,22639,40021,2474,5221
02/24/2018,37769,22597,60366,11056,4186,15242,12709,17348,22597,39945,2453,5179
02/25/2018,37824,22603,60427,11107,4183,15290,12702,17336,22603,39939,2461,5198
02/26/2018,37870,22600,60470,11119,4190,15309,12702,17337,22600,39937,2473,5224
02/27/2018,37837,22620,60457,11109,4179,15288,12715,17350,22620,39970,2462,5199
02/28/2018,37800,22643,60443,11063,4162,15225,12718,17361,22643,40004,2466,5214
03/01/2018,37732,22652,60384,11038,4127,15165,12730,17361,22652,40013,2462,5206
03/02/2018,37776,22647,60423,11051,4133,15184,12727,17362,22647,40009,2474,5230
03/03/2018,37684,22600,60284,11007,4152,15159,12707,17331,22600,39931,2458,5194
03/04/2018,37730,22633,60363,11042,4154,15196,12721,17353,22633,39986,2452,5181
03/05/2018,37806,22613,60419,11107,4167,15274,12707,17320,22613,39933,2466,5212
03/06/2018,37758,22636,60394,11080,4161,15241,12696,17314,22636,39950,2461,5203
03/07/2018,37847,22641,60488,11143,4158,15301,12704,17329,22641,39970,2469,5217
03/08/2018,37835,22671,60506,11119,4152,15271,12716,17352,22671,40023,2466,5212
03/09/2018,37769,22586,60355,11088,4157,15245,12680,17314,22586,39900,2465,5210
03/10/2018,37681,22601,60282,11077,4121,15198,12675,17304,22601,39905,2451,5179
03/11/2018,37795,22621,60416,11113,4169,15282,12691,17324,22621,39945,2456,5189
03/12/2018,37849,22600,60449,11127,4168,15295,12676,17317,22600,39917,2480,5237
03/13/2018,37782,22520,60302,11134,4174,15308,12644,17258,22520,39778,2470,5216
03/14/2018,37786,22550,60336,11122,4178,15300,12665,17274,22550,39824,2468,5212
03/15/2018,37840,22585,60425,11151,4184,15335,12679,17289,22585,39874,2471,5216
03/16/2018,37738,22580,60318,11089,4165,15254,12668,17267,22580,39847,2470,5217
03/17/2018,37711,22601,60312,11094,4156,15250,12674,17267,22601,39868,2460,5194
03/18/2018,37771,22610,60381,11142,4159,15301,12683,17271,22610,39881,2463,5199
03/19/2018,37762,22593,60355,11122,4153,15275,12680,17279,22593,39872,2468,5208
03/20/2018,37851,22570,60421,11177,4183,15360,12667,17258,22570,39828,2480,5233
03/21/2018,37902,22627,60529,11187,4184,15371,12708,17316,22627,39943,2471,5215
03/22/2018,37804,22562,60366,11178,4155,15333,12665,17257,22562,39819,2471,5214
03/23/2018,37694,22538,60232,11136,4129,15265,12659,17247,22538,39785,2456,5182
03/24/2018,37584,22469,60053,11134,4096,15230,12607,17180,22469,39649,2453,5174
03/25/2018,37674,22464,60138,11190,4132,15322,12597,17165,22464,39629,2459,5187
03/26/2018,37677,22456,60133,11174,4146,15320,12587,17149,22456,39605,2469,5208
03/27/2018,37675,22414,60089,11191,4160,15351,12565,17122,22414,39536,2466,5202
03/28/2018,37648,22410,60058,11183,4149,15332,12561,17122,22410,39532,2461,5194
03/29/2018,37572,22408,59980,11134,4142,15276,12559,17108,22408,39516,2459,5188
03/30/2018,37363,22372,59735,11031,4111,15142,12541,17076,22372,39448,2438,5145
03/31/2018,37356,22375,59731,11058,4108,15166,12541,17074,22375,39449,2424,5116
04/01/2018,37447,22382,59829,11134,4089,15223,12565,17107,22382,39489,2423,5117
04/02/2018,37538,22354,59892,11158,4120,15278,12555,17100,22354,39454,2443,5160
04/03/2018,37533,22298,59831,11171,4127,15298,12533,17080,22298,39378,2440,5155
04/05/2018,37460,22330,59790,11058,4115,15173,12540,17103,22330,39433,2454,5184
04/06/2018,37476,22337,59813,11092,4107,15199,12526,17106,22337,39443,2448,5171
04/07/2018,37470,22275,59745,11124,4112,15236,12503,17082,22275,39357,2438,5152
04/08/2018,37458,22293,59751,11094,4127,15221,12507,17080,22293,39373,2440,5157
04/09/2018,37600,22310,59910,11200,4145,15345,12512,17085,22310,39395,2447,5170
04/10/2018,37608,22291,59899,11218,4164,15382,12496,17064,22291,39355,2442,5162
04/11/2018,37640,22293,59933,11239,4169,15408,12492,17085,22293,39378,2435,5147
04/12/2018,37647,22285,59932,11256,4166,15422,12503,17107,22285,39392,2422,5118
04/13/2018,37476,22263,59739,11145,4120,15265,12483,17094,22263,39357,2422,5117
04/14/2018,37397,22225,59622,11122,4123,15245,12460,17051,22225,39276,2414,5101
04/15/2018,37557,22209,59766,11269,4155,15424,12458,17051,22209,39260,2404,5082
04/16/2018,37560,22209,59769,11260,4165,15425,12453,17032,22209,39241,2415,5103
04/17/2018,37626,22175,59801,11307,4163,15470,12429,17010,22175,39185,2434,5146
04/18/2018,37581,22184,59765,11288,4152,15440,12436,17008,22184,39192,2427,5133
04/19/2018,37561,22184,59745,11293,4167,15460,12428,17004,22184,39188,2410,5097
04/20/2018,37466,22160,59626,11215,4153,15368,12421,16993,22160,39153,2413,5105
04/21/2018,37444,22168,59612,11194,4146,15340,12430,17011,22168,39179,2407,5093
04/22/2018,37485,22132,59617,11248,4155,15403,12418,16987,22132,39119,2408,5095
04/23/2018,37541,22160,59701,11256,4157,15413,12431,17008,22160,39168,2421,5120
04/24/2018,37487,22059,59546,11280,4178,15458,12388,16946,22059,39005,2403,5083
04/25/2018,37519,22119,59638,11289,4160,15449,12411,16980,22119,39099,2406,5090
04/26/2018,37527,22124,59651,11272,4162,15434,12430,17002,22124,39126,2408,5091
04/27/2018,37482,22122,59604,11245,4163,15408,12431,17007,22122,39129,2397,5067
04/28/2018,37411,22125,59536,11227,4129,15356,12439,17016,22125,39141,2383,5039
04/29/2018,37463,22105,59568,11275,4166,15441,12428,17001,22105,39106,2375,5021
04/30/2018,37484,22103,59587,11276,4143,15419,12428,16990,22103,39093,2400,5075
05/01/2018,37392,22116,59508,11183,4141,15324,12436,16995,22116,39111,2399,5073
05/02/2018,37355,22110,59465,11184,4125,15309,12424,16974,22110,39084,2398,5072
05/03/2018,37246,22106,59352,11103,4130,15233,12412,16958,22106,39064,2390,5055
05/04/2018,37187,22068,59255,11055,4114,15169,12400,16944,22068,39012,2401,5074
05/05/2018,37092,22043,59135,11039,4114,15153,12379,16905,22043,38948,2381,5034
05/06/2018,37217,22031,59248,11122,4158,15280,12372,16894,22031,38925,2385,5043
05/07/2018,37259,22025,59284,11145,4169,15314,12368,16891,22025,38916,2390,5054
05/08/2018,37253,22008,59261,11153,4165,15318,12364,16889,22008,38897,2386,5046
05/09/2018,37299,22046,59345,11161,4177,15338,12375,16892,22046,38938,2398,5069
05/10/2018,37307,22060,59367,11164,4169,15333,12380,16900,22060,38960,2401,5074
05/11/2018,37173,22004,59177,11110,4131,15241,12363,16873,22004,38877,2393,5059
05/12/2018,37211,21961,59172,11138,4147,15285,12353,16850,21961,38811,2401,5076
05/13/2018,37310,21969,59279,11198,4164,15362,12360,16868,21969,38837,2403,5080
05/14/2018,37288,21943,59231,11201,4160,15361,12339,16834,21943,38777,2410,5093
05/15/2018,37349,21968,59317,11237,4174,15411,12342,16840,21968,38808,2412,5098
05/16/2018,37413,22061,59474,11260,4175,15435,12390,16896,22061,38957,2403,5082
05/17/2018,37377,22062,59439,11225,4170,15395,12406,16916,22062,38978,2396,5066
05/18/2018,37307,22056,59363,11185,4146,15331,12409,16921,22056,38977,2391,5055
05/19/2018,37179,21998,59177,11126,4152,15278,12379,16867,21998,38865,2380,5034
05/20/2018,37210,21948,59158,11138,4189,15327,12348,16828,21948,38776,2390,5055
05/21/2018,37151,21880,59031,11119,4181,15300,12308,16776,21880,38656,2400,5075
05/22/2018,37253,21893,59146,11227,4189,15416,12297,16752,21893,38645,2405,5085
05/23/2018,37224,21894,59118,11198,4192,15390,12315,16762,21894,38656,2399,5072
05/24/2018,37164,21885,59049,11164,4186,15350,12310,16753,21885,38638,2393,5061
05/25/2018,37045,21845,58890,11069,4181,15250,12302,16731,21845,38576,2396,5064
05/26/2018,37030,21818,58848,11085,4180,15265,12281,16705,21818,38523,2394,5060
05/27/2018,37100,21778,58878,11178,4203,15381,12254,16666,21778,38444,2392,5053
05/28/2018,37162,21810,58972,11194,4219,15413,12260,16676,21810,38486,2400,5073
05/29/2018,37153,21793,58946,11214,4188,15402,12256,16686,21793,38479,2396,5065
05/30/2018,37125,21775,58900,11199,4209,15408,12252,16651,21775,38426,2396,5066
05/31/2018,37006,21780,58786,11130,4196,15326,12251,16642,21780,38422,2383,5038
06/01/2018,36878,21815,58693,11023,4158,15181,12266,16658,21815,38473,2383,5039
06/02/2018,36842,21803,58645,11036,4149,15185,12258,16646,21803,38449,2370,5011
06/03/2018,36995,21810,58805,11121,4193,15314,12264,16655,21810,38465,2376,5026
06/04/2018,37045,21801,58846,11146,4200,15346,12250,16646,21801,38447,2388,5053
06/05/2018,36996,21720,58716,11129,4211,15340,12219,16591,21720,38311,2395,5065
06/06/2018,37015,21772,58787,11123,4218,15341,12258,16627,21772,38399,2387,5047
06/07/2018,37004,21755,58759,11105,4227,15332,12260,16620,21755,38375,2390,5052
06/08/2018,36925,21781,58706,11029,4173,15202,12273,16646,21781,38427,2402,5077
06/09/2018,36963,21794,58757,11006,4187,15193,12295,16680,21794,38474,2408,5090
06/10/2018,37123,21787,58910,11104,4224,15328,12303,16692,21787,38479,2414,5103
06/11/2018,37024,21702,58726,11069,4214,15283,12258,16634,21702,38336,2417,5107
06/12/2018,37030,21692,58722,11096,4210,15306,12258,16632,21692,38324,2409,5092
06/13/2018,37103,21720,58823,11127,4225,15352,12280,16647,21720,38367,2414,5104
06/14/2018,37086,21748,58834,11106,4224,15330,12300,16664,21748,38412,2409,5092
06/15/2018,36970,21740,58710,11051,4175,15226,12286,16646,21740,38386,2411,5098
06/16/2018,36988,21744,58732,11071,4158,15229,12300,16659,21744,38403,2413,5100
06/17/2018,37136,21768,58904,11117,4226,15343,12309,16690,21768,38458,2415,5103
06/18/2018,37232,21753,58985,11200,4237,15437,12297,16675,21753,38428,2423,5120
06/19/2018,37111,21696,58807,11188,4216,15404,12264,16628,21696,38324,2402,5079
06/20/2018,37090,21700,58790,11190,4207,15397,12267,16636,21700,38336,2393,5057
06/21/2018,37058,21656,58714,11173,4225,15398,12248,16606,21656,38262,2391,5054
06/22/2018,36983,21640,58623,11100,4220,15320,12243,16590,21640,38230,2401,5073
06/23/2018,36950,21626,58576,11115,4213,15328,12240,16580,21626,38206,2384,5042
06/24/2018,37050,21673,58723,11157,4218,15375,12253,16600,21673,38273,2400,5075
06/25/2018,37100,21722,58822,11171,4198,15369,12268,16627,21722,38349,2415,5104
06/26/2018,37054,21609,58663,11199,4202,15401,12209,16546,21609,38155,2416,5107
06/27/2018,37134,21639,58773,11215,4208,15423,12233,16595,21639,38234,2419,5116
06/28/2018,37212,21764,58976,11193,4227,15420,12280,16660,21764,38424,2427,5132
06/29/2018,36971,21784,58755,10985,4181,15166,12284,16657,21784,38441,2433,5148
06/30/2018,36971,21756,58727,11009,4171,15180,12289,16660,21756,38416,2424,5131
07/01/2018,37131,21819,58950,11079,4195,15274,12320,16722,21819,38541,2425,5135
07/02/2018,37187,21831,59018,11076,4197,15273,12322,16728,21831,38559,2449,5186
07/03/2018,37145,21907,59052,11068,4156,15224,12343,16756,21907,38663,2438,5165
07/04/2018,37051,21927,58978,10993,4143,15136,12353,16757,21927,38684,2434,5158
07/05/2018,37094,21957,59051,11007,4140,15147,12358,16776,21957,38733,2441,5171
07/06/2018,37011,21862,58873,10972,4162,15134,12304,16697,21862,38559,2443,5180
07/07/2018,37038,21870,58908,11000,4156,15156,12307,16701,21870,38571,2444,5181
07/08/2018,37157,21908,59065,11080,4188,15268,12329,16719,21908,38627,2439,5170
07/09/2018,37178,21878,59056,11073,4196,15269,12310,16713,21878,38591,2452,5196
07/10/2018,37178,21832,59010,11102,4225,15327,12282,16672,21832,38504,2443,5179
07/11/2018,37217,21829,59046,11126,4212,15338,12299,16689,21829,38518,2447,5190
07/12/2018,37119,21845,58964,11062,4201,15263,12299,16680,21845,38525,2442,5176
07/13/2018,37026,21835,58861,11038,4162,15200,12290,16660,21835,38495,2437,5166
07/14/2018,37024,21863,58887,11034,4163,15197,12327,16701,21863,38564,2417,5126
07/15/2018,37152,21863,59015,11099,4217,15316,12324,16705,21863,38568,2420,5131
07/16/2018,37155,21803,58958,11110,4205,15315,12304,16685,21803,38488,2432,5155
07/17/2018,37151,21785,58936,11123,4229,15352,12297,16668,21785,38453,2422,5131
07/18/2018,37206,21854,59060,11144,4219,15363,12342,16714,21854,38568,2419,5129
07/19/2018,37180,21845,59025,11121,4216,15337,12341,16716,21845,38561,2419,5127
07/20/2018,37035,21787,58822,11038,4187,15225,12322,16680,21787,38467,2421,5130
07/21/2018,37094,21776,58870,11099,4197,15296,12321,16674,21776,38450,2417,5124
07/22/2018,37179,21757,58936,11166,4222,15388,12315,16660,21757,38417,2420,5131
07/23/2018,37169,21723,58892,11152,4234,15386,12285,16629,21723,38352,2430,5154
07/24/2018,37252,21710,58962,11219,4264,15483,12278,16627,21710,38337,2425,5142
07/25/2018,37305,21797,59102,11180,4273,15453,12323,16679,21797,38476,2438,5173
07/26/2018,37216,21792,59008,11128,4250,15378,12314,16666,21792,38458,2437,5172
07/27/2018,37195,21734,58929,11117,4257,15374,12306,16668,21734,38402,2428,5153
07/28/2018,37139,21765,58904,11072,4249,15321,12323,16671,21765,38436,2426,5147
07/29/2018,37238,21783,59021,11140,4274,15414,12329,16685,21783,38468,2422,5139
07/30/2018,37217,21744,58961,11128,4282,15410,12311,16658,21744,38402,2428,5149
07/31/2018,37190,21762,58952,11097,4259,15356,12320,16664,21762,38426,2438,5170
08/01/2018,37120,21749,58869,11035,4262,15297,12325,16677,21749,38426,2424,5146
08/02/2018,37162,21701,58863,11081,4265,15346,12308,16643,21701,38344,2437,5173
08/03/2018,37103,21737,58840,11028,4263,15291,12312,16640,21737,38377,2437,5172
08/04/2018,37137,21791,58928,11041,4245,15286,12349,16686,21791,38477,2431,5165
08/05/2018,37261,21827,59088,11088,4285,15373,12365,16714,21827,38541,2435,5174
08/06/2018,37293,21823,59116,11111,4290,15401,12367,16712,21823,38535,2438,5180
08/07/2018,37386,21877,59263,11133,4306,15439,12378,16744,21877,38621,2449,5203
08/08/2018,37367,21850,59217,11140,4290,15430,12384,16746,21850,38596,2444,5191
08/09/2018,37384,21854,59238,11149,4274,15423,12388,16747,21854,38601,2454,5214
08/10/2018,37310,21859,59169,11055,4269,15324,12388,16757,21859,38616,2460,5229
08/11/2018,37390,21866,59256,11100,4276,15376,12401,16778,21866,38644,2464,5236
08/12/2018,37441,21859,59300,11140,4283,15423,12401,16770,21859,38629,2470,5248
08/13/2018,37444,21812,59256,11162,4301,15463,12373,16737,21812,38549,2469,5244
08/14/2018,37464,21831,59295,11191,4313,15504,12375,16739,21831,38570,2458,5221
08/15/2018,37562,21945,59507,11198,4324,15522,12428,16800,21945,38745,2468,5240
08/16/2018,37550,21935,59485,11201,4323,15524,12422,16783,21935,38718,2471,5243
08/17/2018,37467,21942,59409,11136,4303,15439,12435,16787,21942,38729,2470,5241
08/18/2018,37469,21977,59446,11121,4311,15432,12448,16797,21977,38774,2468,5240
08/19/2018,37588,22004,59592,11199,4327,15526,12472,16830,22004,38834,2464,5232
08/20/2018,37678,22024,59702,11235,4334,15569,12486,16860,22024,38884,2473,5249
08/21/2018,37592,21963,59555,11217,4333,15550,12446,16788,21963,38751,2474,5254
08/22/2018,37733,22043,59776,11236,4360,15596,12496,16862,22043,38905,2485,5275
08/23/2018,37703,22041,59744,11244,4359,15603,12494,16848,22041,38889,2473,5252
08/24/2018,37593,22053,59646,11149,4330,15479,12507,16860,22053,38913,2475,5254
08/25/2018,37557,22072,59629,11114,4309,15423,12519,16881,22072,38953,2473,5253
08/26/2018,37721,22140,59861,11202,4333,15535,12552,16919,22140,39059,2479,5267
08/27/2018,37717,22117,59834,11181,4359,15540,12539,16908,22117,39025,2480,5269
08/28/2018,37635,22025,59660,11183,4341,15524,12497,16852,22025,38877,2476,5259
08/29/2018,37707,22136,59843,11191,4346,15537,12546,16908,22136,39044,2477,5262
08/30/2018,37691,22123,59814,11171,4332,15503,12556,16925,22123,39048,2477,5263
08/31/2018,37508,22118,59626,11066,4275,15341,12555,16908,22118,39026,2475,5259
09/01/2018,37491,22113,59604,11051,4286,15337,12552,16880,22113,38993,2482,5274
09/02/2018,37594,22183,59777,11116,4305,15421,12573,16921,22183,39104,2471,5252
09/03/2018,37618,22170,59788,11130,4321,15451,12566,16922,22170,39092,2467,5245
09/04/2018,37663,22116,59779,11214,4321,15535,12531,16862,22116,38978,2479,5266
09/05/2018,37702,22113,59815,11253,4329,15582,12517,16847,22113,38960,2480,5273
09/06/2018,37650,22097,59747,11221,4273,15494,12530,16866,22097,38963,2489,5290
09/07/2018,37626,22159,59785,11150,4291,15441,12551,16900,22159,39059,2487,5285
09/08/2018,37678,22213,59891,11180,4306,15486,12568,16921,22213,39134,2480,5271
09/09/2018,37841,22266,60107,11267,4356,15623,12597,16963,22266,39229,2473,5255
09/10/2018,37854,22240,60094,11266,4371,15637,12574,16934,22240,39174,2485,5283
09/11/2018,37912,22257,60169,11303,4374,15677,12590,16953,22257,39210,2484,5282
09/12/2018,38001,22308,60309,11318,4385,15703,12619,16985,22308,39293,2500,5313
09/13/2018,37976,22264,60240,11288,4381,15669,12617,16984,22264,39248,2503,5323
09/14/2018,37845,22243,60088,11208,4355,15563,12610,16967,22243,39210,2500,5315
09/15/2018,37859,22294,60153,11199,4370,15569,12632,17009,22294,39303,2481,5281
09/16/2018,37933,22347,60280,11248,4374,15622,12651,17030,22347,39377,2481,5281
09/17/2018,38030,22321,60351,11320,4401,15721,12635,16990,22321,39311,2500,5319
09/18/2018,38083,22354,60437,11338,4400,15738,12658,17024,22354,39378,2502,5321
09/19/2018,38071,22434,60505,11315,4400,15715,12695,17063,22434,39497,2488,5293
09/20/2018,38012,22456,60468,11281,4395,15676,12695,17058,22456,39514,2482,5278
09/21/2018,38024,22527,60551,11264,4356,15620,12732,17111,22527,39638,2491,5293
09/22/2018,38046,22540,60586,11252,4379,15631,12745,17126,22540,39666,2491,5289
09/23/2018,38138,22532,60670,11329,4402,15731,12752,17119,22532,39651,2490,5288
09/24/2018,38181,22538,60719,11346,4408,15754,12749,17124,22538,39662,2498,5303
09/25/2018,38203,22554,60757,11344,4408,15752,12757,17140,22554,39694,2502,5311
09/26/2018,38175,22559,60734,11323,4414,15737,12759,17138,22559,39697,2496,5300
09/27/2018,38120,22549,60669,11311,4406,15717,12741,17109,22549,39658,2493,5294
09/28/2018,37990,22468,60458,11248,4380,15628,12701,17060,22468,39528,2498,5302
09/29/2018,37938,22456,60394,11203,4386,15589,12689,17052,22456,39508,2495,5297
09/30/2018,38020,22420,60440,11284,4401,15685,12673,17034,22420,39454,2496,5301
10/01/2018,38015,22376,60391,11280,4363,15643,12660,17023,22376,39399,2518,5349
10/02/2018,38059,22464,60523,11298,4394,15692,12691,17052,22464,39516,2501,5315
10/03/2018,38087,22500,60587,11310,4383,15693,12720,17086,22500,39586,2501,5308
10/04/2018,38144,22555,60699,11330,4379,15709,12732,17104,22555,39659,2512,5331
10/05/2018,38082,22575,60657,11252,4358,15610,12743,17121,22575,39696,2521,5351
10/06/2018,38059,22598,60657,11230,4345,15575,12765,17157,22598,39755,2509,5327
10/07/2018,38150,22583,60733,11300,4362,15662,12764,17152,22583,39735,2513,5336
10/08/2018,38210,22569,60779,11326,4405,15731,12754,17138,22569,39707,2516,5341
10/09/2018,38244,22590,60834,11329,4397,15726,12764,17143,22590,39733,2533,5375
10/11/2018,38237,22561,60798,11363,4380,15743,12774,17149,22561,39710,2518,5345
10/12/2018,38210,22597,60807,11349,4375,15724,12775,17145,22597,39742,2516,5341
10/13/2018,38245,22649,60894,11336,4371,15707,12799,17181,22649,39830,2524,5357
10/14/2018,38298,22663,60961,11351,4419,15770,12790,17175,22663,39838,2522,5353
10/15/2018,38323,22644,60967,11362,4417,15779,12775,17151,22644,39795,2540,5393
10/16/2018,38276,22642,60918,11364,4368,15732,12784,17157,22642,39799,2539,5387
10/17/2018,38338,22665,61003,11360,4426,15786,12804,17173,22665,39838,2534,5379
10/18/2018,38305,22614,60919,11385,4422,15807,12779,17145,22614,39759,2522,5353
10/19/2018,38258,22618,60876,11369,4413,15782,12776,17137,22618,39755,2516,5339
10/20/2018,38230,22632,60862,11315,4416,15731,12797,17159,22632,39791,2517,5340
10/21/2018,38309,22631,60940,11399,4427,15826,12793,17147,22631,39778,2515,5336
10/22/2018,38294,22572,60866,11413,4443,15856,12754,17086,22572,39658,2523,5352
10/23/2018,38313,22564,60877,11428,4428,15856,12761,17101,22564,39665,2526,5356
10/24/2018,38389,22570,60959,11493,4436,15929,12768,17105,22570,39675,2527,5355
10/25/2018,38377,22519,60896,11501,4443,15944,12748,17067,22519,39586,2532,5366
10/26/2018,38351,22538,60889,11484,4420,15904,12751,17073,22538,39611,2538,5374
10/27/2018,38363,22544,60907,11488,4424,15912,12759,17080,22544,39624,2537,5371
10/28/2018,38411,22546,60957,11515,4435,15950,12765,17082,22546,39628,2541,5379
10/29/2018,38387,22506,60893,11537,4427,15964,12735,17042,22506,39548,2543,5381
10/30/2018,38348,22508,60856,11506,4422,15928,12729,17041,22508,39549,2542,5379
10/31/2018,38344,22524,60868,11486,4425,15911,12743,17049,22524,39573,2545,5384
11/01/2018,38273,22523,60796,11433,4401,15834,12741,17047,22523,39570,2548,5392
11/02/2018,38214,22522,60736,11393,4373,15766,12746,17057,22522,39579,2547,5391
11/03/2018,38282,22515,60797,11431,4388,15819,12760,17078,22515,39593,2543,5385
11/04/2018,38315,22530,60845,11460,4404,15864,12754,17068,22530,39598,2541,5383
11/05/2018,38377,22501,60878,11518,4413,15931,12734,17027,22501,39528,2559,5419
11/06/2018,38346,22501,60847,11529,4407,15936,12737,17028,22501,39529,2541,5382
11/07/2018,38464,22585,61049,11579,4413,15992,12779,17082,22585,39667,2545,5390
11/08/2018,38461,22601,61062,11556,4427,15983,12783,17089,22601,39690,2544,5389
11/09/2018,38354,22517,60871,11521,4410,15931,12751,17039,22517,39556,2541,5384
11/10/2018,38387,22540,60927,11532,4411,15943,12764,17059,22540,39599,2539,5385
11/11/2018,38469,22549,61018,11604,4429,16033,12766,17056,22549,39605,2536,5380
11/12/2018,38504,22560,61064,11627,4430,16057,12763,17056,22560,39616,2542,5391
11/13/2018,38535,22573,61108,11647,4442,16089,12768,17052,22573,39625,2544,5394
11/14/2018,38570,22604,61174,11666,4446,16112,12771,17058,22604,39662,2547,5400
11/15/2018,38467,22585,61052,11554,4451,16005,12776,17053,22585,39638,2551,5409
11/16/2018,38493,22590,61083,11566,4443,16009,12783,17059,22590,39649,2561,5425
11/17/2018,38439,22593,61032,11561,4431,15992,12779,17052,22593,39645,2546,5395
11/18/2018,38503,22580,61083,11603,4453,16056,12773,17049,22580,39629,2548,5398
11/19/2018,38469,22544,61013,11628,4451,16079,12742,17005,22544,39549,2542,5385
11/20/2018,38473,22570,61043,11618,4447,16065,12767,17035,22570,39605,2537,5373
11/21/2018,38413,22571,60984,11586,4426,16012,12771,17035,22571,39606,2534,5366
11/22/2018,38425,22565,60990,11578,4417,15995,12777,17056,22565,39621,2539,5374
11/23/2018,38400,22546,60946,11588,4406,15994,12761,17034,22546,39580,2536,5372
11/24/2018,38340,22494,60834,11574,4422,15996,12725,16981,22494,39475,2531,5363
11/25/2018,38334,22443,60777,11585,4438,16023,12703,16958,22443,39401,2526,5353
11/26/2018,38413,22457,60870,11646,4451,16097,12701,16953,22457,39410,2531,5363
11/27/2018,38434,22477,60911,11676,4458,16134,12706,16961,22477,39438,2520,5339
11/28/2018,38441,22493,60934,11685,4455,16140,12721,16975,22493,39468,2514,5326
11/29/2018,38481,22511,60992,11664,4469,16133,12734,17008,22511,39519,2523,5340
11/30/2018,38312,22481,60793,11588,4418,16006,12716,16977,22481,39458,2518,5329
12/01/2018,38269,22450,60719,11550,4425,15975,12714,16968,22450,39418,2517,5326
12/02/2018,38343,22470,60813,11579,4448,16027,12730,16986,22470,39456,2519,5330
12/03/2018,38400,22447,60847,11626,4447,16073,12726,16989,22447,39436,2522,5338
12/04/2018,38469,22486,60955,11667,4460,16127,12741,17014,22486,39500,2519,5328
12/05/2018,38543,22531,61074,11696,4463,16159,12766,17052,22531,39583,2520,5332
12/06/2018,38563,22498,61061,11712,4463,16175,12763,17057,22498,39555,2520,5331
12/07/2018,38483,22453,60936,11672,4449,16121,12744,17027,22453,39480,2521,5335
12/08/2018,38456,22423,60879,11699,4421,16120,12731,17004,22423,39427,2519,5332
12/09/2018,38578,22507,61085,11695,4462,16157,12771,17067,22507,39574,2530,5354
12/10/2018,38590,22475,61065,11715,4472,16187,12739,17035,22475,39510,2537,5368
12/11/2018,38591,22457,61048,11739,4465,16204,12733,17026,22457,39483,2533,5361
12/12/2018,38623,22481,61104,11715,4485,16200,12756,17050,22481,39531,2538,5373
12/13/2018,38636,22526,61162,11678,4474,16152,12776,17086,22526,39612,2549,5398
12/14/2018,38462,22440,60902,11600,4440,16040,12733,17030,22440,39470,2548,5392
12/15/2018,38463,22461,60924,11620,4429,16049,12744,17048,22461,39509,2535,5366
12/16/2018,38551,22454,61005,11711,4449,16160,12736,17030,22454,39484,2533,5361
12/17/2018,38577,22401,60978,11727,4463,16190,12699,16983,22401,39384,2553,5404
12/18/2018,38601,22421,61022,11751,4480,16231,12696,16989,22421,39410,2543,5381
12/19/2018,38544,22405,60949,11728,4451,16179,12700,16988,22405,39393,2542,5377
12/20/2018,38510,22377,60887,11727,4436,16163,12684,16956,22377,39333,2548,5391
12/21/2018,38417,22362,60779,11678,4436,16114,12668,16942,22362,39304,2534,5361
12/22/2018,38384,22342,60726,11660,4412,16072,12661,16931,22342,39273,2544,5381
12/23/2018,38412,22308,60720,11697,4423,16120,12645,16908,22308,39216,2545,5384
12/24/2018,38266,22255,60521,11603,4405,16008,12612,16863,22255,39118,2551,5395
12/25/2018,38318,22284,60602,11644,4397,16041,12627,16894,22284,39178,2546,5383
12/26/2018,38383,22261,60644,11696,4412,16108,12606,16867,22261,39128,2557,5408
12/27/2018,38335,22227,60562,11696,4421,16117,12583,16833,22227,39060,2547,5385
12/28/2018,38254,22212,60466,11672,4395,16067,12574,16823,22212,39035,2538,5364
12/29/2018,38213,22229,60442,11657,4384,16041,12586,16835,22229,39064,2525,5337
12/30/2018,38211,22239,60450,11649,4397,16046,12584,16838,22239,39077,2520,5327
12/31/2018,38219,22269,60488,11630,4395,16025,12595,16847,22269,39116,2529,5347
01/01/2019,38251,22319,60570,11644,4369,16013,12616,16885,22319,39204,2534,5353
01/02/2019,38383,22334,60717,11717,4401,16118,12635,16906,22334,39240,2537,5359
01/03/2019,38416,22318,60734,11741,4427,16168,12620,16883,22318,39201,2540,5365
01/04/2019,38307,22337,60644,11710,4378,16088,12620,16877,22337,39214,2529,5342
01/05/2019,38345,22347,60692,11726,4390,16116,12638,16897,22347,39244,2522,5332
01/06/2019,38505,22402,60907,11787,4428,16215,12670,16942,22402,39344,2530,5348
01/07/2019,38612,22421,61033,11814,4449,16263,12673,16943,22421,39364,2556,5406
01/08/2019,38564,22403,60967,11812,4447,16259,12659,16922,22403,39325,2545,5383
01/09/2019,38650,22463,61113,11831,4471,16302,12684,16948,22463,39411,2553,5400
01/10/2019,38704,22460,61164,11882,4473,16355,12698,16952,22460,39412,2553,5397
01/11/2019,38751,22577,61328,11806,4463,16269,12764,17072,22577,39649,2558,5410
01/12/2019,38783,22632,61415,11824,4456,16280,12791,17101,22632,39733,2555,5402
01/13/2019,38768,22511,61279,11871,4490,16361,12728,17014,22511,39525,2552,5393
01/14/2019,38807,22448,61255,11894,4507,16401,12698,16971,22448,39419,2572,5435
01/15/2019,38748,22448,61196,11862,4501,16363,12687,16955,22448,39403,2569,5430
01/16/2019,38791,22500,61291,11856,4516,16372,12723,16992,22500,39492,2568,5427
01/17/2019,38830,22468,61298,11886,4520,16406,12706,16975,22468,39443,2578,5449
01/18/2019,38738,22435,61173,11870,4494,16364,12678,16933,22435,39368,2574,5441
01/19/2019,38711,22456,61167,11849,4487,16336,12676,16950,22456,39406,2566,5425
01/20/2019,38773,22454,61227,11897,4491,16388,12678,16961,22454,39415,2565,5424
01/21/2019,38831,22457,61288,11935,4499,16434,12683,16964,22457,39421,2569,5433
01/22/2019,38793,22434,61227,11930,4497,16427,12665,16937,22434,39371,2569,5429
01/23/2019,38794,22454,61248,11954,4488,16442,12670,16945,22454,39399,2559,5407
01/24/2019,38807,22447,61254,11978,4483,16461,12666,16942,22447,39389,2556,5404
01/25/2019,38753,22433,61186,11947,4488,16435,12655,16927,22433,39360,2551,5391
01/26/2019,38731,22406,61137,11967,4477,16444,12647,16925,22406,39331,2535,5362
01/27/2019,38747,22368,61115,11993,4481,16474,12620,16893,22368,39261,2545,5380
01/28/2019,38795,22360,61155,12025,4490,16515,12619,16884,22360,39244,2555,5396
01/29/2019,38810,22379,61189,12015,4503,16518,12634,16898,22379,39277,2552,5394
01/30/2019,38838,22413,61251,12033,4494,16527,12652,16920,22413,39333,2550,5391
01/31/2019,38800,22404,61204,11995,4504,16499,12649,16914,22404,39318,2548,5387
02/01/2019,38683,22396,61079,11944,4468,16412,12633,16886,22396,39282,2548,5385
02/02/2019,38631,22364,60995,11940,4450,16390,12625,16876,22364,39240,2540,5365
02/03/2019,38621,22382,61003,11934,4436,16370,12632,16886,22382,39268,2540,5365
02/04/2019,38706,22353,61059,11995,4471,16466,12602,16851,22353,39204,2551,5389
02/05/2019,38689,22330,61019,11997,4481,16478,12585,16839,22330,39169,2542,5372
02/06/2019,38736,22348,61084,12017,4495,16512,12599,16859,22348,39207,2539,5365
02/07/2019,38689,22340,61029,11998,4477,16475,12581,16837,22340,39177,2545,5377
02/08/2019,38675,22324,60999,11987,4473,16460,12569,16828,22324,39152,2551,5387
02/09/2019,38636,22285,60921,11996,4464,16460,12557,16806,22285,39091,2544,5370
02/10/2019,38634,22257,60891,12007,4469,16476,12550,16794,22257,39051,2541,5364
02/11/2019,38679,22212,60891,12062,4473,16535,12525,16765,22212,38977,2550,5379
02/12/2019,38653,22225,60878,12033,4456,16489,12554,16794,22225,39019,2545,5370
02/13/2019,38720,22212,60932,12071,4476,16547,12546,16777,22212,38989,2557,5396
02/14/2019,38704,22261,60965,12037,4473,16510,12564,16809,22261,39070,2551,5385
02/15/2019,38609,22202,60811,11965,4483,16448,12542,16786,22202,38988,2545,5375
02/16/2019,38645,22189,60834,12029,4482,16511,12535,16778,22189,38967,2535,5356
02/17/2019,38646,22156,60802,12053,4473,16526,12521,16753,22156,38909,2541,5367
02/18/2019,38634,22096,60730,12092,4482,16574,12487,16711,22096,38807,2532,5349
02/19/2019,38689,22109,60798,12109,4492,16601,12497,16728,22109,38837,2538,5360
02/20/2019,38609,22052,60661,12097,4493,16590,12453,16666,22052,38718,2537,5353
02/21/2019,38620,22058,60678,12099,4485,16584,12463,16680,22058,38738,2539,5356
02/22/2019,38559,22048,60607,12060,4459,16519,12463,16677,22048,38725,2543,5363
02/23/2019,38564,22058,60622,12079,4467,16546,12461,16677,22058,38735,2533,5341
02/24/2019,38631,22042,60673,12106,4504,16610,12456,16675,22042,38717,2533,5346
02/25/2019,38653,22041,60694,12129,4494,16623,12453,16670,22041,38711,2539,5360
02/26/2019,38658,22007,60665,12127,4513,16640,12452,16674,22007,38681,2530,5344
02/27/2019,38625,21995,60620,12080,4508,16588,12458,16672,21995,38667,2539,5365
02/28/2019,38544,21992,60536,12085,4420,16505,12451,16678,21992,38670,2536,5361
03/01/2019,38411,21962,60373,11988,4422,16410,12446,16659,21962,38621,2526,5342
03/02/2019,38374,21991,60365,11953,4408,16361,12474,16686,21991,38677,2519,5327
03/03/2019,38476,22024,60500,12038,4429,16467,12483,16701,22024,38725,2509,5308
03/04/2019,38637,22033,60670,12086,4448,16534,12491,16723,22033,38756,2544,5380
03/05/2019,38490,21960,60450,12026,4441,16467,12438,16661,21960,38621,2535,5362
03/06/2019,38553,21947,60500,12080,4466,16546,12443,16663,21947,38610,2527,5344
03/07/2019,38600,22024,60624,12068,4481,16549,12492,16727,22024,38751,2518,5324
03/08/2019,38444,21978,60422,11995,4439,16434,12467,16691,21978,38669,2517,5319
03/09/2019,38426,22000,60426,11977,4429,16406,12487,16715,22000,38715,2510,5305
03/10/2019,38446,21975,60421,12000,4441,16441,12471,16692,21975,38667,2514,5313
03/11/2019,38502,22010,60512,12019,4444,16463,12493,16726,22010,38736,2514,5313
03/12/2019,38575,21982,60557,12091,4437,16528,12479,16719,21982,38701,2521,5328
03/13/2019,38592,21987,60579,12083,4448,16531,12490,16741,21987,38728,2520,5320
03/14/2019,38472,21914,60386,12052,4457,16509,12440,16648,21914,38562,2517,5315
03/15/2019,38353,21953,60306,11976,4405,16381,12473,16690,21953,38643,2502,5282
03/16/2019,38227,21891,60118,11930,4398,16328,12439,16633,21891,38524,2497,5266
03/17/2019,38318,21892,60210,12020,4412,16432,12432,16624,21892,38516,2495,5262
03/18/2019,38346,21838,60184,12055,4438,16493,12393,16570,21838,38408,2508,5283
03/19/2019,38379,21830,60209,12074,4439,16513,12391,16580,21830,38410,2508,5286
03/20/2019,38392,21885,60277,12059,4435,16494,12416,16604,21885,38489,2512,5294
03/21/2019,38434,21881,60315,12097,4439,16536,12418,16601,21881,38482,2515,5297
03/22/2019,38395,21894,60289,12064,4433,16497,12418,16598,21894,38492,2516,5300
03/23/2019,38299,21804,60103,12035,4426,16461,12380,16551,21804,38355,2509,5287
03/24/2019,38361,21785,60146,12103,4429,16532,12366,16528,21785,38313,2515,5301
03/25/2019,38349,21765,60114,12117,4431,16548,12344,16495,21765,38260,2517,5306
03/26/2019,38332,21734,60066,12115,4447,16562,12341,16481,21734,38215,2510,5289
03/27/2019,38351,21760,60111,12110,4461,16571,12358,16489,21760,38249,2511,5291
03/28/2019,38348,21803,60151,12095,4449,16544,12381,16512,21803,38315,2511,5292
03/29/2019,38271,21780,60051,12018,4440,16458,12376,16509,21780,38289,2515,5304
03/30/2019,38124,21770,59894,11963,4398,16361,12366,16504,21770,38274,2493,5259
03/31/2019,38197,21760,59957,12028,4429,16457,12351,16481,21760,38241,2493,5259
04/01/2019,38220,21731,59951,12032,4430,16462,12344,16479,21731,38210,2503,5279
04/02/2019,38284,21744,60028,12071,4441,16512,12362,16500,21744,38244,2499,5272
04/03/2019,38224,21767,59991,12048,4396,16444,12374,16516,21767,38283,2494,5264
04/04/2019,38155,21715,59870,12006,4402,16408,12356,16485,21715,38200,2492,5262
04/05/2019,38093,21690,59783,11977,4405,16382,12344,16459,21690,38149,2488,5252
04/06/2019,38026,21709,59735,11913,4379,16292,12358,16482,21709,38191,2488,5252
04/07/2019,38149,21722,59871,12006,4400,16406,12364,16490,21722,38212,2489,5253
04/08/2019,38117,21643,59760,12009,4401,16410,12326,16439,21643,38082,2497,5268
04/09/2019,37654,21056,58710,12003,4411,16414,12007,16015,21056,37071,2481,5225
04/10/2019,37686,21124,58810,12016,4404,16420,12029,16048,21124,37172,2478,5218
04/11/2019,37817,21154,58971,12051,4435,16486,12053,16085,21154,37239,2492,5246
04/12/2019,37698,21059,58757,12043,4435,16478,11996,16003,21059,37062,2476,5217
04/13/2019,37528,21051,58579,11916,4405,16321,11999,15988,21051,37039,2476,5219
04/14/2019,37692,21062,58754,12008,4430,16438,12012,16007,21062,37069,2489,5247
04/15/2019,37738,21021,58759,12082,4439,16521,11977,15972,21021,36993,2489,5245
04/16/2019,37771,21023,58794,12095,4461,16556,11968,15963,21023,36986,2492,5252
04/17/2019,37739,20954,58693,12126,4455,16581,11931,15907,20954,36861,2492,5251
04/18/2019,37678,20915,58593,12098,4457,16555,11918,15897,20915,36812,2479,5226
04/19/2019,37592,20924,58516,12018,4425,16443,11920,15897,20924,36821,2491,5252
04/20/2019,37630,20940,58570,12041,4407,16448,11932,15928,20940,36868,2492,5254
04/21/2019,37692,20948,58640,12074,4419,16493,11935,15935,20948,36883,2497,5264
04/22/2019,37712,20874,58586,12119,4435,16554,11894,15885,20874,36759,2502,5273
04/23/2019,37759,20858,58617,12110,4442,16552,11896,15897,20858,36755,2520,5310
04/24/2019,37740,20909,58649,12108,4452,16560,11916,15912,20909,36821,2499,5268
04/25/2019,37738,20927,58665,12108,4435,16543,11920,15901,20927,36828,2512,5294
04/26/2019,37719,20963,58682,12076,4412,16488,11938,15934,20963,36897,2513,5297
04/27/2019,37700,20945,58645,12050,4423,16473,11942,15944,20945,36889,2505,5283
04/28/2019,37801,20941,58742,12136,4438,16574,11946,15945,20941,36886,2504,5282
04/29/2019,37802,20905,58707,12142,4441,16583,11929,15929,20905,36834,2508,5290
04/30/2019,37781,20931,58712,12079,4445,16524,11945,15953,20931,36884,2515,5304
05/01/2019,37689,20921,58610,12035,4407,16442,11954,15947,20921,36868,2513,5300
05/02/2019,37651,20864,58515,12049,4398,16447,11916,15903,20864,36767,2513,5301
05/03/2019,37542,20808,58350,11977,4388,16365,11895,15865,20808,36673,2520,5312
05/04/2019,37526,20870,58396,11957,4377,16334,11916,15901,20870,36771,2507,5291
05/05/2019,37657,20883,58540,12059,4397,16456,11923,15914,20883,36797,2505,5287
05/06/2019,37692,20873,58565,12062,4403,16465,11924,15919,20873,36792,2516,5308
05/07/2019,37663,20882,58545,12079,4380,16459,11922,15906,20882,36788,2513,5298
05/08/2019,37682,20902,58584,12068,4375,16443,11936,15913,20902,36815,2525,5326
05/09/2019,37680,20937,58617,12052,4384,16436,11954,15932,20937,36869,2519,5312
05/10/2019,37628,20926,58554,11999,4364,16363,11961,15935,20926,36861,2527,5330
05/11/2019,37570,20924,58494,11987,4336,16323,11965,15941,20924,36865,2514,5306
05/12/2019,37702,20928,58630,12056,4381,16437,11962,15953,20928,36881,2517,5312
05/14/2019,37784,20889,58673,12125,4404,16529,11939,15925,20889,36814,2527,5330
05/15/2019,37750,20936,58686,12104,4387,16491,11934,15921,20936,36857,2532,5338
05/16/2019,37603,20893,58496,12028,4372,16400,11913,15885,20893,36778,2521,5318
05/17/2019,37387,20859,58246,11886,4320,16206,11908,15875,20859,36734,2515,5306
05/18/2019,37368,20858,58226,11868,4302,16170,11910,15885,20858,36743,2516,5313
05/19/2019,37357,20842,58199,11893,4308,16201,11887,15851,20842,36693,2512,5305
05/20/2019,37369,20822,58191,11921,4307,16228,11880,15830,20822,36652,2515,5311
05/21/2019,37338,20807,58145,11932,4285,16217,11873,15826,20807,36633,2509,5295
05/22/2019,37371,20800,58171,11929,4342,16271,11862,15813,20800,36613,2504,5287
05/23/2019,37425,20799,58224,11962,4335,16297,11867,15823,20799,36622,2512,5305
05/24/2019,37302,20765,58067,11879,4313,16192,11846,15808,20765,36573,2511,5302
05/25/2019,37311,20766,58077,11867,4305,16172,11853,15826,20766,36592,2515,5313
05/26/2019,37265,20762,58027,11846,4307,16153,11840,15808,20762,36570,2511,5304
05/27/2019,37259,20709,57968,11863,4317,16180,11811,15774,20709,36483,2512,5305
05/28/2019,37267,20740,58007,11856,4285,16141,11814,15778,20740,36518,2532,5348
05/29/2019,37332,20708,58040,11936,4316,16252,11792,15755,20708,36463,2521,5325
05/30/2019,37353,20739,58092,11907,4327,16234,11808,15780,20739,36519,2527,5339
05/31/2019,37130,20704,57834,11749,4290,16039,11795,15759,20704,36463,2525,5332
06/01/2019,37057,20686,57743,11691,4284,15975,11787,15751,20686,36437,2522,5331
06/02/2019,37239,20696,57935,11789,4330,16119,11807,15778,20696,36474,2527,5342
06/03/2019,37359,20738,58097,11856,4338,16194,11824,15811,20738,36549,2533,5354
06/04/2019,37391,20713,58104,11912,4358,16270,11802,15778,20713,36491,2529,5343
06/05/2019,37382,20711,58093,11911,4362,16273,11790,15766,20711,36477,2529,5343
06/06/2019,37346,20750,58096,11901,4335,16236,11807,15778,20750,36528,2524,5332
06/07/2019,37255,20719,57974,11840,4327,16167,11793,15771,20719,36490,2516,5317
06/08/2019,37136,20708,57844,11786,4303,16089,11781,15755,20708,36463,2502,5292
06/09/2019,37124,20734,57858,11746,4305,16051,11794,15774,20734,36508,2505,5299
06/10/2019,37276,20734,58010,11832,4327,16159,11792,15775,20734,36509,2526,5342
06/11/2019,37265,20739,58004,11810,4350,16160,11790,15770,20739,36509,2522,5335
06/12/2019,37344,20781,58125,11869,4348,16217,11807,15789,20781,36570,2525,5338
06/13/2019,37376,20763,58139,11882,4372,16254,11804,15788,20763,36551,2522,5334
06/14/2019,37322,20805,58127,11825,4354,16179,11819,15799,20805,36604,2526,5344
06/15/2019,37222,20812,58034,11733,4337,16070,11818,15807,20812,36619,2526,5345
06/16/2019,37267,20795,58062,11792,4350,16142,11807,15797,20795,36592,2518,5328
06/17/2019,37361,20809,58170,11840,4359,16199,11803,15789,20809,36598,2539,5373
06/18/2019,37386,20810,58196,11867,4388,16255,11808,15791,20810,36601,2523,5340
06/19/2019,37412,20803,58215,11871,4375,16246,11817,15803,20803,36606,2534,5363
06/20/2019,37412,20827,58239,11862,4373,16235,11823,15815,20827,36642,2533,5362
06/21/2019,37292,20797,58089,11800,4346,16146,11809,15795,20797,36592,2528,5351
06/22/2019,37177,20762,57939,11734,4336,16070,11790,15783,20762,36545,2515,5324
06/23/2019,37289,20785,58074,11823,4363,16186,11805,15809,20785,36594,2500,5294
06/24/2019,37299,20742,58041,11835,4371,16206,11780,15770,20742,36512,2515,5323
06/25/2019,37299,20721,58020,11849,4378,16227,11770,15759,20721,36480,2510,5313
06/26/2019,37381,20787,58168,11854,4378,16232,11814,15828,20787,36615,2513,5321
06/27/2019,37319,20745,58064,11811,4376,16187,11802,15818,20745,36563,2510,5314
06/28/2019,37263,20772,58035,11778,4359,16137,11813,15826,20772,36598,2503,5300
06/29/2019,37164,20749,57913,11707,4334,16041,11804,15812,20749,36561,2508,5311
06/30/2019,37170,20740,57910,11726,4339,16065,11799,15797,20740,36537,2507,5308
07/01/2019,37098,20728,57826,11708,4287,15995,11786,15768,20728,36496,2521,5335
07/02/2019,37164,20764,57928,11731,4300,16031,11809,15797,20764,36561,2524,5336
07/03/2019,37182,20845,58027,11716,4303,16019,11849,15844,20845,36689,2516,5319
07/04/2019,37015,20845,57860,11580,4254,15834,11837,15842,20845,36687,2527,5339
07/05/2019,37130,20871,58001,11640,4289,15929,11854,15869,20871,36740,2523,5332
07/06/2019,37112,20859,57971,11662,4308,15970,11849,15862,20859,36721,2498,5280
07/07/2019,37174,20864,58038,11700,4330,16030,11847,15856,20864,36720,2503,5288
07/08/2019,37293,20848,58141,11752,4354,16106,11847,15860,20848,36708,2522,5327
07/09/2019,37316,20882,58198,11762,4353,16115,11857,15882,20882,36764,2518,5319
07/10/2019,37379,20943,58322,11798,4351,16149,11882,15918,20943,36861,2514,5312
07/11/2019,37547,20971,58518,11904,4381,16285,11908,15947,20971,36918,2515,5315
07/12/2019,37266,20906,58172,11751,4328,16079,11867,15883,20906,36789,2510,5304
07/13/2019,37170,20910,58080,11673,4331,16004,11870,15887,20910,36797,2497,5279
07/14/2019,37257,20860,58117,11762,4346,16108,11852,15865,20860,36725,2499,5284
07/15/2019,37285,20851,58136,11776,4336,16112,11847,15865,20851,36716,2510,5308
07/16/2019,37273,20846,58119,11796,4342,16138,11833,15849,20846,36695,2501,5286
07/17/2019,37303,20861,58164,11802,4376,16178,11839,15859,20861,36720,2490,5266
07/18/2019,37350,20901,58251,11829,4380,16209,11866,15884,20901,36785,2485,5257
07/19/2019,37244,20871,58115,11762,4348,16110,11854,15860,20871,36731,2494,5274
07/20/2019,37149,20832,57981,11718,4325,16043,11844,15845,20832,36677,2488,5261
07/21/2019,37184,20794,57978,11747,4355,16102,11825,15819,20794,36613,2490,5263
07/22/2019,37319,20846,58165,11799,4376,16175,11863,15871,20846,36717,2496,5273
07/23/2019,37317,20908,58225,11809,4391,16200,11882,15895,20908,36803,2471,5222
07/24/2019,37312,20980,58292,11792,4378,16170,11893,15915,20980,36895,2472,5227
07/25/2019,37327,20924,58251,11822,4384,16206,11865,15874,20924,36798,2482,5247
07/26/2019,37218,20940,58158,11727,4371,16098,11861,15860,20940,36800,2489,5260
07/27/2019,37178,20958,58136,11670,4342,16012,11871,15879,20958,36837,2502,5287
07/28/2019,37310,20979,58289,11746,4374,16120,11883,15895,20979,36874,2506,5295
07/29/2019,37380,21027,58407,11779,4373,16152,11897,15923,21027,36950,2512,5305
07/30/2019,37350,20982,58332,11813,4368,16181,11871,15899,20982,36881,2496,5270
07/31/2019,37392,21010,58402,11833,4382,16215,11884,15904,21010,36914,2498,5273
08/01/2019,37317,21044,58361,11744,4354,16098,11920,15943,21044,36987,2500,5276
08/02/2019,37313,21076,58389,11718,4380,16098,11928,15945,21076,37021,2497,5270
08/03/2019,37295,21099,58394,11740,4354,16094,11946,15971,21099,37070,2478,5230
08/04/2019,37396,21124,58520,11807,4366,16173,11960,15996,21124,37120,2476,5227
08/05/2019,37434,21136,58570,11796,4364,16160,11970,16012,21136,37148,2495,5262
08/06/2019,37510,21146,58656,11841,4380,16221,11975,16026,21146,37172,2497,5263
08/07/2019,37544,21144,58688,11847,4395,16242,11978,16025,21144,37169,2503,5277
08/08/2019,37477,21172,58649,11782,4389,16171,12001,16053,21172,37225,2490,5253
08/09/2019,37400,21184,58584,11747,4350,16097,12008,16064,21184,37248,2483,5239
08/10/2019,37387,21213,58600,11724,4336,16060,12013,16078,21213,37291,2487,5249
08/11/2019,37542,21267,58809,11791,4375,16166,12039,16119,21267,37386,2490,5257
08/12/2019,37675,21273,58948,11865,4376,16241,12052,16138,21273,37411,2509,5296
08/13/2019,37659,21275,58934,11854,4371,16225,12043,16137,21275,37412,2509,5297
08/14/2019,37719,21299,59018,11873,4393,16266,12068,16158,21299,37457,2508,5295
08/15/2019,37741,21341,59082,11889,4400,16289,12093,16182,21341,37523,2497,5270
08/16/2019,37594,21316,58910,11793,4381,16174,12088,16167,21316,37483,2487,5253
08/17/2019,37517,21313,58830,11755,4361,16116,12079,16143,21313,37456,2489,5258
08/18/2019,37694,21375,59069,11846,4413,16259,12103,16175,21375,37550,2490,5260
08/19/2019,37717,21307,59024,11877,4406,16283,12070,16136,21307,37443,2509,5298
08/20/2019,37676,21304,58980,11882,4394,16276,12061,16122,21304,37426,2499,5278
08/21/2019,37683,21334,59017,11853,4397,16250,12081,16148,21334,37482,2502,5285
08/22/2019,37705,21304,59009,11880,4411,16291,12071,16123,21304,37427,2506,5291
08/23/2019,37600,21298,58898,11767,4428,16195,12065,16126,21298,37424,2500,5279
08/24/2019,37574,21293,58867,11746,4414,16160,12074,16136,21293,37429,2498,5278
08/25/2019,37674,21279,58953,11824,4438,16262,12063,16129,21279,37408,2500,5283
08/26/2019,37750,21291,59041,11858,4455,16313,12062,16123,21291,37414,2516,5314
08/27/2019,37717,21235,58952,11887,4450,16337,12032,16083,21235,37318,2508,5297
08/28/2019,37832,21310,59142,11946,4477,16423,12074,16127,21310,37437,2501,5282
08/29/2019,37757,21356,59113,11875,4458,16333,12092,16152,21356,37508,2496,5272
08/30/2019,37566,21343,58909,11706,4430,16136,12082,16131,21343,37474,2508,5299
08/31/2019,37552,21315,58867,11702,4432,16134,12066,16120,21315,37435,2507,5298
09/01/2019,37527,21331,58858,11707,4422,16129,12073,16128,21331,37459,2492,5270
09/02/2019,37634,21344,58978,11772,4438,16210,12084,16152,21344,37496,2493,5272
09/03/2019,37722,21376,59098,11789,4433,16222,12114,16184,21376,37560,2515,5316
09/04/2019,37830,21402,59232,11862,4444,16306,12126,16204,21402,37606,2516,5320
09/05/2019,37889,21483,59372,11861,4468,16329,12155,16249,21483,37732,2512,5311
09/06/2019,37820,21478,59298,11805,4458,16263,12157,16245,21478,37723,2514,5312
09/07/2019,37788,21457,59245,11792,4467,16259,12155,16240,21457,37697,2503,5289
09/08/2019,37961,21515,59476,11867,4488,16355,12197,16306,21515,37821,2508,5300
09/09/2019,38030,21527,59557,11897,4478,16375,12201,16310,21527,37837,2529,5345
09/10/2019,38039,21522,59561,11906,4511,16417,12191,16291,21522,37813,2521,5331
09/11/2019,38022,21582,59604,11878,4513,16391,12215,16311,21582,37893,2515,5320
09/12/2019,38130,21630,59760,11911,4537,16448,12244,16363,21630,37993,2516,5319
09/13/2019,38021,21595,59616,11853,4506,16359,12235,16351,21595,37946,2514,5311
09/14/2019,37916,21595,59511,11825,4481,16306,12227,16332,21595,37927,2500,5278
09/15/2019,38021,21636,59657,11873,4509,16382,12253,16357,21636,37993,2498,5282
09/16/2019,38070,21635,59705,11871,4526,16397,12252,16361,21635,37996,2512,5312
09/17/2019,38031,21590,59621,11875,4546,16421,12209,16312,21590,37902,2507,5298
09/18/2019,38149,21653,59802,11929,4556,16485,12240,16362,21653,38015,2510,5302
09/19/2019,38187,21649,59836,11972,4583,16555,12224,16337,21649,37986,2506,5295
09/20/2019,37980,21623,59603,11844,4537,16381,12208,16324,21623,37947,2497,5275
09/21/2019,37880,21559,59439,11806,4520,16326,12178,16283,21559,37842,2492,5271
09/22/2019,37960,21563,59523,11887,4527,16414,12174,16279,21563,37842,2489,5267
09/23/2019,38039,21612,59651,11911,4510,16421,12207,16332,21612,37944,2499,5286
09/24/2019,38107,21582,59689,11936,4561,16497,12193,16324,21582,37906,2499,5286
09/25/2019,38154,21592,59746,11941,4556,16497,12212,16342,21592,37934,2512,5315
09/26/2019,38221,21620,59841,11952,4579,16531,12224,16355,21620,37975,2521,5335
09/27/2019,38023,21594,59617,11846,4563,16409,12211,16330,21594,37924,2497,5284
09/28/2019,38001,21625,59626,11841,4529,16370,12228,16358,21625,37983,2492,5273
09/29/2019,38149,21670,59819,11917,4556,16473,12249,16387,21670,38057,2500,5289
09/30/2019,38094,21601,59695,11914,4543,16457,12219,16346,21601,37947,2501,5291
10/01/2019,38049,21585,59634,11875,4523,16398,12207,16342,21585,37927,2511,5309
10/02/2019,38149,21616,59765,11898,4541,16439,12236,16383,21616,37999,2519,5327
10/03/2019,38164,21667,59831,11921,4541,16462,12246,16391,21667,38058,2513,5311
10/04/2019,38049,21707,59756,11836,4508,16344,12256,16403,21707,38110,2509,5302
10/05/2019,38051,21675,59726,11860,4518,16378,12237,16384,21675,38059,2503,5289
10/06/2019,38121,21694,59815,11909,4524,16433,12253,16395,21694,38089,2504,5293
10/07/2019,38164,21692,59856,11955,4520,16475,12233,16370,21692,38062,2517,5319
10/08/2019,38219,21713,59932,11993,4553,16546,12239,16379,21713,38092,2505,5294
10/09/2019,38200,21682,59882,12000,4565,16565,12230,16349,21682,38031,2501,5286
10/10/2019,38234,21726,59960,11980,4565,16545,12241,16369,21726,38095,2517,5320
10/11/2019,38164,21738,59902,11911,4546,16457,12243,16366,21738,38104,2530,5341
10/12/2019,38183,21770,59953,11876,4555,16431,12267,16411,21770,38181,2531,5341
10/13/2019,38318,21808,60126,11970,4547,16517,12293,16450,21808,38258,2534,5351
10/14/2019,38350,21756,60106,12014,4568,16582,12277,16418,21756,38174,2534,5350
10/15/2019,38376,21808,60184,12014,4573,16587,12298,16447,21808,38255,2531,5342
10/16/2019,38376,21752,60128,12035,4591,16626,12264,16399,21752,38151,2536,5351
10/17/2019,38196,21718,59914,11920,4578,16498,12244,16361,21718,38079,2529,5337
10/18/2019,38292,21779,60071,11975,4568,16543,12280,16414,21779,38193,2528,5335
10/19/2019,38199,21718,59917,11946,4558,16504,12237,16368,21718,38086,2524,5327
10/20/2019,38213,21732,59945,11951,4551,16502,12246,16366,21732,38098,2532,5345
10/21/2019,38353,21721,60074,12067,4580,16647,12240,16360,21721,38081,2532,5346
10/22/2019,38366,21734,60100,12055,4592,16647,12244,16375,21734,38109,2532,5344
10/23/2019,38423,21769,60192,12080,4596,16676,12252,16399,21769,38168,2535,5348
10/24/2019,38388,21754,60142,12108,4584,16692,12227,16364,21754,38118,2528,5332
10/25/2019,38296,21739,60035,12019,4580,16599,12212,16342,21739,38081,2539,5355
10/26/2019,38246,21767,60013,11957,4574,16531,12226,16367,21767,38134,2536,5348
10/27/2019,38328,21786,60114,12049,4591,16640,12232,16379,21786,38165,2516,5309
10/28/2019,38355,21765,60120,12078,4577,16655,12218,16361,21765,38126,2531,5339
10/29/2019,38415,21766,60181,12116,4598,16714,12213,16356,21766,38122,2535,5345
10/30/2019,38337,21732,60069,12077,4602,16679,12200,16325,21732,38057,2529,5333
10/31/2019,38249,21753,60002,12007,4562,16569,12211,16343,21753,38096,2530,5337
11/01/2019,38019,21746,59765,11880,4500,16380,12197,16326,21746,38072,2517,5313
11/02/2019,38084,21725,59809,11920,4526,16446,12194,16335,21725,38060,2513,5303
11/03/2019,38235,21743,59978,12018,4529,16547,12207,16349,21743,38092,2530,5339
11/04/2019,38221,21730,59951,12044,4504,16548,12192,16322,21730,38052,2536,5351
11/05/2019,38233,21750,59983,12061,4525,16586,12196,16326,21750,38076,2523,5321
11/06/2019,38312,21809,60121,12059,4544,16603,12223,16356,21809,38165,2537,5353
11/07/2019,38335,21835,60170,12077,4566,16643,12230,16369,21835,38204,2523,5323
11/08/2019,38281,21794,60075,12083,4563,16646,12205,16332,21794,38126,2517,5303
11/09/2019,38293,21803,60096,12070,4582,16652,12209,16341,21803,38144,2516,5300
11/10/2019,38368,21860,60228,12112,4576,16688,12242,16387,21860,38247,2513,5293
11/11/2019,38475,21867,60342,12140,4609,16749,12259,16417,21867,38284,2521,5309
11/12/2019,38600,21879,60479,12210,4633,16843,12260,16419,21879,38298,2534,5338
11/13/2019,38612,21876,60488,12236,4626,16862,12255,16414,21876,38290,2533,5336
11/14/2019,38569,21910,60479,12198,4614,16812,12275,16443,21910,38353,2523,5314
11/15/2019,38508,21893,60401,12157,4590,16747,12269,16440,21893,38333,2528,5321
11/16/2019,38424,21883,60307,12108,4616,16724,12263,16411,21883,38294,2513,5289
11/17/2019,38544,21893,60437,12199,4625,16824,12275,16434,21893,38327,2513,5286
11/18/2019,38602,21861,60463,12270,4638,16908,12261,16412,21861,38273,2510,5282
11/19/2019,38558,21847,60405,12282,4618,16900,12242,16384,21847,38231,2505,5274
11/20/2019,38520,21831,60351,12268,4608,16876,12241,16381,21831,38212,2500,5263
11/21/2019,38521,21818,60339,12247,4624,16871,12234,16374,21818,38192,2506,5276
11/22/2019,38402,21779,60181,12205,4599,16804,12219,16338,21779,38117,2497,5260
11/23/2019,38393,21747,60140,12217,4598,16815,12208,16325,21747,38072,2493,5253
11/24/2019,38438,21728,60166,12269,4609,16878,12206,16319,21728,38047,2487,5241
11/25/2019,38468,21767,60235,12229,4625,16854,12228,16342,21767,38109,2504,5272
11/26/2019,38388,21728,60116,12213,4616,16829,12198,16321,21728,38049,2488,5238
11/27/2019,38249,21698,59947,12130,4591,16721,12189,16301,21698,37999,2483,5227
11/28/2019,38168,21706,59874,12022,4587,16609,12197,16308,21706,38014,2496,5251
11/29/2019,38152,21662,59814,12062,4559,16621,12171,16277,21662,37939,2497,5254
11/30/2019,38214,21695,59909,12117,4565,16682,12188,16302,21695,37997,2486,5230
12/01/2019,38365,21683,60048,12241,4594,16835,12179,16298,21683,37981,2487,5232
12/02/2019,38394,21694,60088,12253,4595,16848,12183,16314,21694,38008,2487,5232
12/03/2019,38371,21680,60051,12224,4621,16845,12167,16282,21680,37962,2493,5244
12/04/2019,38325,21618,59943,12231,4630,16861,12149,16243,21618,37861,2482,5221
12/05/2019,38316,21600,59916,12263,4633,16896,12121,16206,21600,37806,2478,5214
12/06/2019,38252,21615,59867,12203,4629,16832,12118,16209,21615,37824,2476,5211
12/07/2019,38293,21628,59921,12204,4640,16844,12128,16220,21628,37848,2485,5229
12/08/2019,38363,21673,60036,12268,4625,16893,12158,16251,21673,37924,2480,5219
12/09/2019,38404,21639,60043,12309,4627,16936,12143,16235,21639,37874,2487,5233
12/10/2019,38355,21624,59979,12267,4662,16929,12129,16215,21624,37839,2476,5211
12/11/2019,38366,21634,60000,12268,4671,16939,12120,16207,21634,37841,2481,5220
12/12/2019,38392,21647,60039,12262,4668,16930,12138,16240,21647,37887,2482,5222
12/13/2019,38286,21625,59911,12227,4612,16839,12120,16214,21625,37839,2488,5233
12/14/2019,38265,21595,59860,12225,4616,16841,12116,16210,21595,37805,2478,5214
12/15/2019,38357,21640,59997,12255,4631,16886,12135,16244,21640,37884,2485,5227
12/16/2019,38435,21628,60063,12344,4631,16975,12124,16232,21628,37860,2486,5228
12/17/2019,38382,21583,59965,12310,4665,16975,12090,16190,21583,37773,2481,5217
12/18/2019,38380,21567,59947,12306,4676,16982,12082,16176,21567,37743,2484,5222
12/19/2019,38440,21544,59984,12348,4687,17035,12074,16171,21544,37715,2489,5234
12/20/2019,38322,21546,59868,12259,4653,16912,12074,16176,21546,37722,2488,5234
12/21/2019,38310,21537,59847,12251,4655,16906,12081,16185,21537,37722,2481,5219
12/22/2019,38377,21540,59917,12310,4659,16969,12089,16195,21540,37735,2478,5213
12/23/2019,38386,21541,59927,12294,4651,16945,12091,16198,21541,37739,2493,5243
12/24/2019,38083,21430,59513,12196,4565,16761,12025,16107,21430,37537,2480,5215
12/25/2019,38194,21461,59655,12263,4574,16837,12040,16120,21461,37581,2491,5237
12/26/2019,38220,21473,59693,12277,4584,16861,12036,16125,21473,37598,2489,5234
12/27/2019,38035,21367,59402,12212,4584,16796,11966,16027,21367,37394,2478,5212
12/28/2019,37987,21302,59289,12245,4570,16815,11921,15976,21302,37278,2470,5196
12/29/2019,38014,21263,59277,12280,4582,16862,11902,15955,21263,37218,2471,5197
12/30/2019,38081,21266,59347,12311,4606,16917,11910,15967,21266,37233,2471,5197
12/31/2019,37705,21322,59027,11965,4543,16508,11931,15992,21322,37314,2474,5205
01/01/2020,38026,21352,59378,12213,4569,16782,11947,16016,21352,37368,2485,5228
01/02/2020,38039,21341,59380,12213,4584,16797,11943,16014,21341,37355,2485,5228
01/03/2020,37963,21288,59251,12159,4586,16745,11914,15979,21288,37267,2489,5239
01/04/2020,37952,21292,59244,12162,4569,16731,11915,15987,21292,37279,2487,5234
01/05/2020,38174,21367,59541,12293,4606,16899,11957,16050,21367,37417,2483,5225
01/06/2020,38171,21327,59498,12327,4611,16938,11934,16007,21327,37334,2483,5226
01/07/2020,38236,21347,59583,12353,4635,16988,11946,16022,21347,37369,2485,5226
01/08/2020,38272,21354,59626,12383,4633,17016,11967,16045,21354,37399,2476,5211
01/09/2020,38356,21457,59813,12391,4656,17047,12017,16102,21457,37559,2475,5207
01/10/2020,38204,21443,59647,12308,4619,16927,12011,16082,21443,37525,2469,5195
01/11/2020,38212,21471,59683,12323,4607,16930,12024,16096,21471,37567,2464,5186
01/12/2020,38281,21493,59774,12383,4636,17019,12023,16092,21493,37585,2458,5170
01/13/2020,38368,21479,59847,12403,4638,17041,12018,16095,21479,37574,2488,5232
01/14/2020,38490,21512,60002,12440,4664,17104,12044,16135,21512,37647,2495,5251
01/15/2020,38400,21505,59905,12404,4658,17062,12031,16115,21505,37620,2481,5223
01/16/2020,38418,21497,59915,12411,4674,17085,12028,16115,21497,37612,2479,5218
01/17/2020,38400,21467,59867,12392,4675,17067,12012,16092,21467,37559,2490,5241
01/18/2020,38368,21422,59790,12400,4695,17095,11989,16065,21422,37487,2474,5208
01/19/2020,38415,21422,59837,12423,4700,17123,11990,16074,21422,37496,2478,5218
01/20/2020,38465,21404,59869,12477,4701,17178,11974,16051,21404,37455,2486,5236
01/21/2020,38512,21445,59957,12490,4722,17212,11987,16070,21445,37515,2483,5230
01/22/2020,38469,21419,59888,12469,4738,17207,11966,16040,21419,37459,2482,5222
01/23/2020,38464,21399,59863,12455,4728,17183,11966,16035,21399,37434,2493,5246
01/24/2020,38330,21356,59686,12391,4691,17082,11946,16015,21356,37371,2489,5233
01/25/2020,38367,21362,59729,12424,4709,17133,11951,16032,21362,37394,2471,5202
01/26/2020,38431,21372,59803,12482,4721,17203,11957,16034,21372,37406,2467,5194
01/27/2020,38466,21370,59836,12484,4734,17218,11952,16031,21370,37401,2478,5217
01/28/2020,38458,21295,59753,12510,4741,17251,11921,15987,21295,37282,2480,5220
01/29/2020,38405,21300,59705,12488,4731,17219,11926,15977,21300,37277,2475,5209
01/30/2020,38374,21268,59642,12504,4731,17235,11903,15927,21268,37195,2476,5212
01/31/2020,38216,21278,59494,12401,4677,17078,11904,15939,21278,37217,2469,5199
02/01/2020,38161,21237,59398,12396,4668,17064,11879,15911,21237,37148,2463,5186
02/02/2020,38231,21252,59483,12454,4680,17134,11881,15921,21252,37173,2458,5176
02/03/2020,38222,21251,59473,12417,4689,17106,11881,15914,21251,37165,2470,5202
02/04/2020,37932,20906,58838,12409,4717,17126,11639,15635,20906,36541,2456,5171
02/05/2020,38032,20941,58973,12479,4711,17190,11662,15665,20941,36606,2457,5177
02/06/2020,38023,20939,58962,12471,4696,17167,11674,15678,20939,36617,2458,5178
02/07/2020,37967,20902,58869,12448,4690,17138,11659,15656,20902,36558,2454,5173
02/08/2020,37971,20854,58825,12464,4704,17168,11623,15598,20854,36452,2468,5205
02/09/2020,38043,20871,58914,12505,4700,17205,11639,15627,20871,36498,2471,5211
02/10/2020,38018,20854,58872,12503,4701,17204,11619,15601,20854,36455,2472,5213
02/11/2020,38032,20868,58900,12522,4702,17224,11627,15613,20868,36481,2463,5195
02/12/2020,38013,20850,58863,12504,4710,17214,11613,15592,20850,36442,2470,5207
02/13/2020,38042,20874,58916,12527,4712,17239,11624,15603,20874,36477,2467,5200
02/14/2020,37969,20837,58806,12482,4680,17162,11614,15600,20837,36437,2471,5207
02/15/2020,38019,20831,58850,12518,4688,17206,11618,15602,20831,36433,2473,5211
02/16/2020,38034,20813,58847,12547,4692,17239,11614,15597,20813,36410,2467,5198
02/17/2020,38077,20796,58873,12566,4717,17283,11603,15592,20796,36388,2470,5202
02/18/2020,38078,20774,58852,12576,4711,17287,11597,15574,20774,36348,2476,5217
02/19/2020,38000,20742,58742,12580,4703,17283,11566,15536,20742,36278,2459,5181
02/20/2020,37989,20730,58719,12603,4693,17296,11554,15511,20730,36241,2459,5182
02/21/2020,37926,20744,58670,12560,4683,17243,11561,15511,20744,36255,2453,5172
02/22/2020,37973,20764,58737,12562,4666,17228,11583,15557,20764,36321,2461,5188
02/23/2020,38026,20748,58774,12582,4690,17272,11579,15557,20748,36305,2466,5197
02/24/2020,37996,20700,58696,12579,4697,17276,11552,15521,20700,36221,2467,5199
02/25/2020,37972,20683,58655,12584,4694,17278,11539,15495,20683,36178,2466,5199
02/26/2020,37853,20654,58507,12521,4690,17211,11516,15454,20654,36108,2461,5188
02/27/2020,37879,20664,58543,12579,4681,17260,11516,15437,20664,36101,2458,5182
02/28/2020,37814,20661,58475,12533,4659,17192,11519,15444,20661,36105,2455,5178
02/29/2020,37790,20690,58480,12535,4660,17195,11519,15448,20690,36138,2441,5147
03/01/2020,37799,20652,58451,12552,4683,17235,11498,15425,20652,36077,2436,5139
03/02/2020,37786,20631,58417,12530,4675,17205,11488,15415,20631,36046,2448,5166
03/03/2020,37804,20638,58442,12539,4683,17222,11472,15405,20638,36043,2455,5177
03/04/2020,37744,20597,58341,12524,4679,17203,11441,15354,20597,35951,2460,5187
03/05/2020,37681,20542,58223,12529,4662,17191,11428,15323,20542,35865,2451,5167
03/06/2020,37606,20480,58086,12496,4658,17154,11409,15280,20480,35760,2452,5172
03/07/2020,37606,20499,58105,12453,4661,17114,11426,15309,20499,35808,2457,5183
03/08/2020,37680,20478,58158,12522,4660,17182,11418,15305,20478,35783,2462,5193
03/09/2020,37688,20453,58141,12527,4660,17187,11410,15280,20453,35733,2476,5221
03/10/2020,37667,20453,58120,12527,4664,17191,11414,15286,20453,35739,2461,5190
03/11/2020,37653,20465,58118,12519,4663,17182,11416,15276,20465,35741,2463,5195
03/12/2020,37684,20488,58172,12561,4656,17217,11423,15291,20488,35779,2457,5176
03/13/2020,37532,20458,57990,12493,4627,17120,11408,15277,20458,35735,2437,5135
03/14/2020,37452,20467,57919,12436,4600,17036,11406,15281,20467,35748,2438,5135
03/15/2020,37529,20492,58021,12488,4637,17125,11408,15278,20492,35770,2433,5126
03/16/2020,37480,20401,57881,12506,4628,17134,11357,15210,20401,35611,2437,5136
03/17/2020,37503,20421,57924,12511,4626,17137,11373,15228,20421,35649,2438,5138
03/18/2020,37492,20372,57864,12537,4619,17156,11344,15189,20372,35561,2442,5147
03/19/2020,37455,20358,57813,12528,4618,17146,11317,15158,20358,35516,2444,5151
03/20/2020,37303,20352,57655,12413,4610,17023,11310,15148,20352,35500,2433,5132
03/21/2020,37353,20351,57704,12462,4598,17060,11319,15163,20351,35514,2432,5130
03/22/2020,37478,20358,57836,12539,4616,17155,11332,15175,20358,35533,2441,5148
03/23/2020,37520,20383,57903,12579,4608,17187,11355,15199,20383,35582,2435,5134
03/24/2020,37567,20406,57973,12565,4603,17168,11387,15242,20406,35648,2446,5157
03/25/2020,37603,20372,57975,12573,4619,17192,11400,15260,20372,35632,2444,5151
03/26/2020,37604,20371,57975,12574,4612,17186,11412,15267,20371,35638,2445,5151
03/27/2020,37562,20357,57919,12562,4578,17140,11430,15285,20357,35642,2439,5137
03/28/2020,37667,20347,58014,12622,4614,17236,11437,15301,20347,35648,2436,5130
03/29/2020,37680,20362,58042,12618,4621,17239,11441,15303,20362,35665,2440,5138
03/30/2020,37708,20347,58055,12635,4635,17270,11437,15299,20347,35646,2441,5139
03/31/2020,37757,20341,58098,12677,4629,17306,11433,15298,20341,35639,2448,5153
04/01/2020,37728,20330,58058,12659,4617,17276,11436,15301,20330,35631,2446,5151
04/02/2020,37674,20265,57939,12673,4618,17291,11398,15254,20265,35519,2435,5129
04/03/2020,37709,20273,57982,12680,4617,17297,11414,15266,20273,35539,2444,5146
04/04/2020,37698,20280,57978,12681,4618,17299,11409,15262,20280,35542,2440,5137
04/05/2020,37747,20274,58021,12695,4631,17326,11406,15262,20274,35536,2450,5159
04/06/2020,37702,20278,57980,12669,4609,17278,11414,15270,20278,35548,2448,5154
04/07/2020,37716,20266,57982,12686,4617,17303,11399,15253,20266,35519,2450,5160
04/08/2020,37667,20254,57921,12694,4631,17325,11351,15192,20254,35446,2445,5150
04/09/2020,37621,20221,57842,12692,4633,17325,11329,15175,20221,35396,2433,5121
04/10/2020,37577,20185,57762,12658,4636,17294,11318,15161,20185,35346,2433,5122
04/11/2020,37591,20181,57772,12667,4622,17289,11334,15179,20181,35360,2431,5123
04/12/2020,37606,20170,57776,12667,4626,17293,11352,15188,20170,35358,2432,5125
04/13/2020,37664,20181,57845,12693,4635,17328,11371,15219,20181,35400,2428,5117
04/14/2020,37536,20109,57645,12643,4621,17264,11332,15163,20109,35272,2425,5109
04/15/2020,37493,20091,57584,12637,4628,17265,11312,15137,20091,35228,2415,5091
04/16/2020,37478,20023,57501,12720,4662,17382,11230,15032,20023,35055,2402,5064
04/17/2020,37455,20003,57458,12786,4638,17424,11163,14971,20003,34974,2401,5060
04/18/2020,37503,19998,57501,12810,4649,17459,11165,14974,19998,34972,2407,5070
04/19/2020,37456,19991,57447,12781,4628,17409,11164,14971,19991,34962,2410,5076
04/20/2020,37403,19965,57368,12766,4608,17374,11149,14955,19965,34920,2409,5074
04/21/2020,37333,19949,57282,12714,4608,17322,11143,14947,19949,34896,2404,5064
04/22/2020,37386,19976,57362,12779,4595,17374,11155,14964,19976,34940,2396,5048
04/23/2020,37336,19948,57284,12753,4608,17361,11129,14930,19948,34878,2395,5045
04/24/2020,37247,19891,57138,12702,4617,17319,11103,14890,19891,34781,2393,5038
04/25/2020,37222,19899,57121,12702,4614,17316,11108,14891,19899,34790,2381,5015
04/26/2020,37311,19892,57203,12782,4630,17412,11098,14883,19892,34775,2381,5016
04/27/2020,37308,19861,57169,12805,4623,17428,11087,14859,19861,34720,2383,5021
04/28/2020,37239,19858,57097,12774,4601,17375,11089,14861,19858,34719,2373,5003
04/29/2020,37148,19819,56967,12764,4594,17358,11065,14829,19819,34648,2351,4961
04/30/2020,37084,19792,56876,12753,4546,17299,11064,14824,19792,34616,2351,4961
05/01/2020,36955,19750,56705,12703,4499,17202,11030,14771,19750,34521,2361,4982
05/02/2020,36907,19762,56669,12654,4477,17131,11047,14793,19762,34555,2364,4983
05/03/2020,36915,19730,56645,12685,4484,17169,11032,14771,19730,34501,2357,4975
05/04/2020,36972,19749,56721,12710,4493,17203,11038,14783,19749,34532,2364,4986
05/05/2020,36941,19726,56667,12734,4496,17230,11028,14767,19726,34493,2342,4944
05/06/2020,37006,19760,56766,12748,4529,17277,11040,14788,19760,34548,2341,4941
05/07/2020,36932,19760,56692,12711,4517,17228,11033,14773,19760,34533,2337,4931
05/08/2020,37038,19707,56745,12809,4531,17340,11011,14748,19707,34455,2345,4950
05/09/2020,37061,19710,56771,12800,4542,17342,11013,14754,19710,34464,2351,4965
05/10/2020,37096,19706,56802,12826,4536,17362,11015,14753,19706,34459,2358,4981
05/11/2020,37099,19700,56799,12810,4561,17371,11014,14750,19700,34450,2356,4978
05/12/2020,36987,19649,56636,12788,4539,17327,10990,14715,19649,34364,2340,4945
05/13/2020,36952,19676,56628,12744,4516,17260,11014,14747,19676,34423,2341,4945
05/14/2020,36924,19628,56552,12790,4501,17291,10978,14700,19628,34328,2335,4933
05/15/2020,36876,19616,56492,12745,4493,17238,10976,14698,19616,34314,2337,4940
05/16/2020,36889,19598,56487,12775,4488,17263,10960,14681,19598,34279,2340,4945
05/17/2020,36937,19574,56511,12815,4504,17319,10948,14669,19574,34243,2342,4949
05/18/2020,36933,19528,56461,12830,4499,17329,10942,14657,19528,34185,2342,4947
05/19/2020,36948,19566,56514,12825,4503,17328,10956,14677,19566,34243,2339,4943
05/20/2020,36975,19559,56534,12872,4510,17382,10953,14674,19559,34233,2328,4919
05/21/2020,36934,19546,56480,12871,4506,17377,10930,14637,19546,34183,2328,4920
05/22/2020,36888,19552,56440,12819,4496,17315,10946,14659,19552,34211,2325,4914
05/23/2020,36870,19494,56364,12821,4523,17344,10918,14611,19494,34105,2325,4915
05/24/2020,36844,19490,56334,12810,4510,17320,10919,14612,19490,34102,2325,4912
05/25/2020,36871,19522,56393,12813,4501,17314,10938,14639,19522,34161,2328,4918
05/26/2020,36883,19541,56424,12811,4506,17317,10942,14642,19541,34183,2332,4924
05/27/2020,36892,19550,56442,12830,4512,17342,10949,14641,19550,34191,2324,4909
05/28/2020,36870,19485,56355,12860,4504,17364,10923,14608,19485,34093,2319,4898
05/29/2020,36842,19472,56314,12841,4495,17336,10922,14609,19472,34081,2319,4897
05/30/2020,36753,19414,56167,12797,4502,17299,10887,14566,19414,33980,2315,4888
05/31/2020,36873,19410,56283,12891,4522,17413,10887,14569,19410,33979,2317,4891
06/01/2020,36916,19403,56319,12957,4501,17458,10885,14564,19403,33967,2319,4894
06/02/2020,36918,19409,56327,12983,4492,17475,10888,14567,19409,33976,2311,4876
06/03/2020,36880,19369,56249,12972,4501,17473,10859,14528,19369,33897,2312,4879
06/04/2020,36856,19329,56185,12993,4504,17497,10840,14498,19329,33827,2304,4861
06/05/2020,36852,19249,56101,13031,4479,17510,10809,14451,19249,33700,2318,4891
06/06/2020,36766,19256,56022,12958,4478,17436,10810,14446,19256,33702,2314,4884
06/08/2020,36851,19265,56116,13021,4472,17493,10821,14477,19265,33742,2312,4881
06/09/2020,36836,19246,56082,13035,4465,17500,10813,14471,19246,33717,2305,4865
06/10/2020,36811,19224,56035,13033,4481,17514,10796,14447,19224,33671,2297,4850
06/11/2020,36788,19240,56028,13001,4501,17502,10802,14451,19240,33691,2290,4835
06/12/2020,36737,19224,55961,12956,4497,17453,10797,14439,19224,33663,2295,4845
06/13/2020,36734,19238,55972,12935,4478,17413,10805,14453,19238,33691,2306,4868
06/14/2020,36794,19237,56031,12993,4491,17484,10801,14448,19237,33685,2303,4862
06/15/2020,36814,19256,56070,13012,4467,17479,10800,14444,19256,33700,2318,4891
06/17/2020,36717,19195,55912,13052,4442,17494,10774,14394,19195,33589,2286,4829
06/18/2020,36640,19170,55810,13054,4387,17441,10755,14365,19170,33535,2289,4834
06/19/2020,36647,19136,55783,13031,4466,17497,10725,14332,19136,33468,2282,4818
06/20/2020,36641,19133,55774,13028,4471,17499,10722,14328,19133,33461,2281,4814
06/21/2020,36638,19131,55769,12991,4493,17484,10727,14338,19131,33469,2281,4816
06/22/2020,36687,19170,55857,13010,4485,17495,10742,14365,19170,33535,2287,4827
06/23/2020,36689,19152,55841,13009,4478,17487,10745,14370,19152,33522,2289,4832
06/24/2020,36614,19045,55659,13045,4492,17537,10675,14276,19045,33321,2273,4801
06/25/2020,36605,19018,55623,13035,4492,17527,10681,14279,19018,33297,2272,4799
06/26/2020,36530,18983,55513,12985,4487,17472,10662,14261,18983,33244,2271,4797
06/28/2020,36556,18984,55540,13056,4467,17523,10657,14256,18984,33240,2261,4777
06/29/2020,36565,18980,55545,13080,4466,17546,10658,14260,18980,33240,2253,4759
06/30/2020,36562,18991,55553,13066,4464,17530,10664,14260,18991,33251,2260,4772
07/01/2020,36559,19001,55560,13038,4453,17491,10677,14286,19001,33287,2264,4782
07/02/2020,36486,18987,55473,13005,4453,17458,10670,14266,18987,33253,2254,4762
07/03/2020,36433,18940,55373,13013,4451,17464,10641,14226,18940,33166,2245,4743
07/04/2020,36268,18967,55235,12825,4437,17262,10655,14247,18967,33214,2253,4759
07/05/2020,36445,18957,55402,13015,4439,17454,10653,14241,18957,33198,2249,4750
07/06/2020,36555,18949,55504,13067,4481,17548,10658,14243,18949,33192,2254,4764
07/07/2020,36468,18926,55394,13086,4451,17537,10633,14198,18926,33124,2239,4733
07/08/2020,36471,18906,55377,13099,4463,17562,10621,14171,18906,33077,2243,4738
07/09/2020,36505,18951,55456,13102,4466,17568,10652,14211,18951,33162,2237,4726
07/10/2020,36557,18930,55487,13152,4486,17638,10641,14195,18930,33125,2236,4724
07/11/2020,36547,18913,55460,13151,4462,17613,10636,14194,18913,33107,2244,4740
07/12/2020,36495,18867,55362,13117,4486,17603,10602,14151,18867,33018,2243,4741
07/13/2020,36477,18858,55335,13136,4465,17601,10590,14130,18858,32988,2245,4746
07/14/2020,36472,18895,55367,13108,4470,17578,10617,14168,18895,33063,2235,4726
07/15/2020,36333,18918,55251,12933,4481,17414,10638,14195,18918,33113,2234,4724
07/16/2020,36447,18874,55321,13089,4476,17565,10612,14159,18874,33033,2235,4723
07/17/2020,36393,18854,55247,13070,4461,17531,10601,14156,18854,33010,2228,4706
07/18/2020,36358,18802,55160,13061,4477,17538,10568,14106,18802,32908,2232,4714
07/19/2020,36409,18825,55234,13081,4478,17559,10577,14127,18825,32952,2235,4723
07/20/2020,36438,18820,55258,13112,4479,17591,10579,14126,18820,32946,2234,4721
07/21/2020,36462,18834,55296,13128,4488,17616,10593,14137,18834,32971,2227,4709
07/22/2020,36464,18820,55284,13168,4474,17642,10585,14118,18820,32938,2225,4704
07/23/2020,36405,18801,55206,13120,4487,17607,10574,14102,18801,32903,2222,4696
07/24/2020,36362,18761,55123,13113,4461,17574,10568,14099,18761,32860,2220,4689
07/25/2020,36376,18758,55134,13114,4466,17580,10565,14099,18758,32857,2225,4697
07/26/2020,36388,18730,55118,13145,4486,17631,10547,14076,18730,32806,2217,4681
07/27/2020,36359,18717,55076,13130,4489,17619,10537,14067,18717,32784,2214,4673
07/28/2020,36355,18724,55079,13129,4481,17610,10550,14090,18724,32814,2205,4655
07/29/2020,36364,18684,55048,13160,4491,17651,10527,14045,18684,32729,2212,4668
07/30/2020,36374,18716,55090,13141,4508,17649,10542,14062,18716,32778,2208,4663
07/31/2020,36212,18718,54930,13048,4486,17534,10529,14040,18718,32758,2195,4638
08/01/2020,36156,18654,54810,13049,4481,17530,10486,13982,18654,32636,2198,4644
08/02/2020,36248,18708,54956,13072,4496,17568,10524,14032,18708,32740,2200,4648
08/03/2020,36306,18672,54978,13118,4503,17621,10508,14006,18672,32678,2214,4679
08/04/2020,36268,18675,54943,13104,4497,17601,10507,14011,18675,32686,2203,4656
08/05/2020,36241,18627,54868,13096,4498,17594,10488,13972,18627,32599,2213,4675
08/06/2020,36276,18669,54945,13148,4481,17629,10508,13987,18669,32656,2205,4660
08/07/2020,36205,18633,54838,13117,4485,17602,10490,13955,18633,32588,2199,4648
08/08/2020,36139,18623,54762,13085,4475,17560,10486,13943,18623,32566,2194,4636
08/09/2020,36222,18619,54841,13140,4496,17636,10483,13945,18619,32564,2196,4641
08/10/2020,36230,18611,54841,13116,4514,17630,10480,13937,18611,32548,2206,4663
08/11/2020,36154,18583,54737,13092,4532,17624,10473,13923,18583,32506,2181,4607
08/12/2020,36268,18639,54907,13148,4546,17694,10491,13949,18639,32588,2189,4625
08/13/2020,36227,18614,54841,13155,4529,17684,10479,13931,18614,32545,2183,4612
08/14/2020,36142,18587,54729,13091,4520,17611,10469,13909,18587,32496,2189,4622
08/15/2020,36174,18590,54764,13128,4516,17644,10468,13895,18590,32485,2195,4635
08/16/2020,36263,18613,54876,13192,4521,17713,10480,13915,18613,32528,2195,4635
08/17/2020,36216,18521,54737,13225,4526,17751,10430,13853,18521,32374,2184,4612
08/18/2020,36141,18521,54662,13145,4518,17663,10431,13859,18521,32380,2187,4619
08/19/2020,36233,18550,54783,13177,4531,17708,10466,13896,18550,32446,2193,4629
08/20/2020,36256,18535,54791,13224,4547,17771,10449,13874,18535,32409,2183,4611
08/21/2020,36193,18517,54710,13205,4527,17732,10434,13851,18517,32368,2184,4610
08/22/2020,36180,18524,54704,13190,4540,17730,10440,13860,18524,32384,2173,4590
08/23/2020,36226,18523,54749,13211,4546,17757,10446,13878,18523,32401,2172,4591
08/24/2020,36242,18514,54756,13221,4538,17759,10444,13881,18514,32395,2178,4602
08/25/2020,36138,18463,54601,13212,4545,17757,10415,13828,18463,32291,2154,4553
08/26/2020,36143,18487,54630,13220,4556,17776,10424,13843,18487,32330,2139,4524
08/27/2020,36180,18517,54697,13223,4552,17775,10441,13871,18517,32388,2144,4534
08/28/2020,36177,18461,54638,13231,4544,17775,10419,13839,18461,32300,2158,4563
08/29/2020,36220,18457,54677,13263,4557,17820,10425,13839,18457,32296,2157,4561
08/30/2020,36183,18472,54655,13230,4546,17776,10432,13847,18472,32319,2156,4560
08/31/2020,36134,18436,54570,13226,4533,17759,10414,13813,18436,32249,2158,4562
09/01/2020,36061,18441,54502,13239,4525,17764,10406,13790,18441,32231,2134,4507
09/02/2020,36108,18515,54623,13223,4535,17758,10450,13845,18515,32360,2132,4505
09/03/2020,36081,18431,54512,13240,4542,17782,10417,13793,18431,32224,2134,4506
09/04/2020,36009,18404,54413,13217,4531,17748,10397,13753,18404,32157,2134,4508
09/05/2020,36037,18399,54436,13248,4522,17770,10398,13756,18399,32155,2135,4511
09/06/2020,35959,18372,54331,13202,4509,17711,10385,13733,18372,32105,2136,4515
09/07/2020,36038,18425,54463,13235,4532,17767,10411,13769,18425,32194,2131,4502
09/08/2020,36052,18425,54477,13211,4554,17765,10408,13766,18425,32191,2140,4521
09/09/2020,36059,18431,54490,13263,4542,17805,10404,13763,18431,32194,2125,4491
09/10/2020,36070,18417,54487,13277,4564,17841,10405,13754,18417,32171,2118,4475
09/11/2020,36013,18410,54423,13236,4539,17775,10413,13759,18410,32169,2120,4479
09/12/2020,36022,18449,54471,13201,4542,17743,10437,13793,18449,32242,2124,4486
09/13/2020,36088,18410,54498,13283,4562,17845,10405,13743,18410,32153,2130,4500
09/14/2020,36008,18360,54368,13230,4557,17787,10381,13726,18360,32086,2127,4495
09/15/2020,36078,18382,54460,13310,4566,17876,10393,13726,18382,32108,2118,4476
09/16/2020,36098,18370,54468,13316,4576,17892,10399,13736,18370,32106,2116,4470
09/17/2020,36086,18352,54438,13334,4557,17891,10393,13724,18352,32076,2116,4471
09/18/2020,36066,18377,54443,13280,4549,17829,10411,13751,18377,32128,2123,4486
09/19/2020,36020,18340,54360,13284,4555,17839,10373,13710,18340,32050,2115,4471
09/20/2020,36071,18355,54426,13292,4568,17860,10393,13738,18355,32093,2116,4473
09/21/2020,36041,18296,54337,13315,4554,17869,10369,13700,18296,31996,2116,4472
09/22/2020,36024,18300,54324,13327,4565,17892,10358,13689,18300,31989,2101,4443
09/23/2020,35923,18250,54173,13293,4546,17839,10334,13654,18250,31904,2096,4430
09/24/2020,35922,18266,54188,13280,4543,17823,10344,13659,18266,31925,2101,4440
09/25/2020,35876,18257,54133,13220,4523,17743,10345,13666,18257,31923,2113,4467
09/26/2020,35850,18240,54090,13229,4510,17739,10335,13652,18240,31892,2109,4459
09/27/2020,35921,18269,54190,13272,4523,17795,10345,13669,18269,31938,2107,4457
09/28/2020,35919,18213,54132,13313,4510,17823,10308,13624,18213,31837,2114,4472
09/29/2020,35881,18255,54136,13276,4493,17769,10328,13644,18255,31899,2112,4468
09/30/2020,35873,18270,54143,13278,4520,17798,10326,13641,18270,31911,2096,4434
10/01/2020,35828,18269,54097,13242,4524,17766,10327,13642,18269,31911,2089,4420
10/02/2020,35823,18280,54103,13225,4503,17728,10344,13659,18280,31939,2097,4436
10/03/2020,35733,18215,53948,13210,4508,17718,10293,13587,18215,31802,2092,4428
10/04/2020,35832,18240,54072,13299,4512,17811,10310,13601,18240,31841,2088,4420
10/05/2020,35840,18201,54041,13289,4510,17799,10295,13593,18201,31794,2104,4448
10/06/2020,35849,18247,54096,13287,4517,17804,10320,13616,18247,31863,2096,4429
10/07/2020,35882,18252,54134,13321,4528,17849,10318,13620,18252,31872,2089,4413
10/08/2020,35870,18189,54059,13312,4532,17844,10287,13585,18189,31774,2102,4441
10/09/2020,35887,18228,54115,13292,4536,17828,10303,13612,18228,31840,2104,4447
10/10/2020,35935,18226,54161,13348,4521,17869,10316,13627,18226,31853,2100,4439
10/11/2020,35961,18229,54190,13366,4540,17906,10322,13632,18229,31861,2092,4423
10/12/2020,35975,18205,54180,13397,4543,17940,10302,13610,18205,31815,2093,4425
10/13/2020,35967,18247,54214,13352,4542,17894,10313,13630,18247,31877,2102,4443
10/14/2020,35878,18188,54066,13380,4511,17891,10276,13577,18188,31765,2085,4410
10/15/2020,35960,18240,54200,13419,4514,17933,10304,13616,18240,31856,2086,4411
10/16/2020,35991,18267,54258,13431,4520,17951,10315,13630,18267,31897,2086,4410
10/17/2020,35977,18259,54236,13432,4526,17958,10304,13607,18259,31866,2088,4412
10/18/2020,36074,18293,54367,13463,4532,17995,10331,13657,18293,31950,2093,4422
10/19/2020,35959,18256,54215,13404,4531,17935,10306,13620,18256,31876,2084,4404
10/20/2020,35961,18275,54236,13434,4529,17963,10306,13611,18275,31886,2076,4387
10/21/2020,35867,18218,54085,13423,4508,17931,10280,13578,18218,31796,2062,4358
10/22/2020,35944,18275,54219,13437,4522,17959,10312,13621,18275,31896,2067,4364
10/23/2020,35946,18281,54227,13403,4520,17923,10327,13643,18281,31924,2073,4380
10/24/2020,35913,18231,54144,13433,4503,17936,10301,13603,18231,31834,2070,4374
10/25/2020,35923,18244,54167,13409,4529,17938,10316,13625,18244,31869,2063,4360
10/26/2020,35988,18186,54174,13479,4530,18009,10304,13604,18186,31790,2070,4375
10/27/2020,36022,18181,54203,13505,4544,18049,10305,13602,18181,31783,2067,4371
10/28/2020,35926,18106,54032,13502,4544,18046,10270,13548,18106,31654,2047,4332
10/29/2020,35991,18093,54084,13569,4542,18111,10261,13535,18093,31628,2055,4345
10/30/2020,35983,18107,54090,13562,4523,18085,10277,13545,18107,31652,2058,4353
10/31/2020,35980,18129,54109,13536,4516,18052,10293,13569,18129,31698,2060,4359
11/01/2020,35999,18125,54124,13559,4533,18092,10285,13560,18125,31685,2055,4347
11/02/2020,36035,18112,54147,13622,4534,18156,10260,13538,18112,31650,2053,4341
11/03/2020,36037,18147,54184,13634,4525,18159,10290,13570,18147,31717,2037,4308
11/04/2020,35950,18069,54019,13588,4536,18124,10257,13522,18069,31591,2036,4304
11/05/2020,35950,18081,54031,13579,4539,18118,10262,13530,18081,31611,2035,4302
11/06/2020,35918,18054,53972,13581,4523,18104,10227,13492,18054,31546,2045,4322
11/07/2020,35889,18029,53918,13576,4523,18099,10214,13473,18029,31502,2042,4317
11/08/2020,35964,18036,54000,13632,4523,18155,10225,13484,18036,31520,2046,4325
11/09/2020,35905,18021,53926,13590,4524,18114,10224,13477,18021,31498,2043,4314
11/10/2020,35870,17972,53842,13608,4519,18127,10194,13436,17972,31408,2038,4307
11/11/2020,35933,17984,53917,13682,4543,18225,10202,13443,17984,31427,2020,4265
11/12/2020,35949,17974,53923,13682,4557,18239,10191,13423,17974,31397,2029,4287
11/13/2020,35978,18028,54006,13659,4563,18222,10213,13455,18028,31483,2035,4301
11/14/2020,35982,18061,54043,13649,4559,18208,10242,13478,18061,31539,2033,4296
11/15/2020,35973,18043,54016,13640,4557,18197,10241,13480,18043,31523,2034,4296
11/16/2020,35913,17961,53874,13647,4558,18205,10192,13418,17961,31379,2031,4290
11/17/2020,35960,17917,53877,13728,4574,18302,10176,13395,17917,31312,2017,4263
11/18/2020,36005,17958,53963,13744,4562,18306,10196,13417,17958,31375,2027,4282
11/19/2020,35975,17895,53870,13750,4574,18324,10168,13381,17895,31276,2021,4270
11/20/2020,35894,17903,53797,13673,4551,18224,10181,13391,17903,31294,2025,4279
11/21/2020,35955,17948,53903,13695,4545,18240,10211,13427,17948,31375,2030,4288
11/22/2020,35951,17974,53925,13647,4557,18204,10234,13466,17974,31440,2026,4281
11/23/2020,36023,17985,54008,13703,4550,18253,10254,13484,17985,31469,2028,4286
11/24/2020,35854,17899,53753,13668,4532,18200,10202,13411,17899,31310,2009,4243
11/25/2020,35830,17899,53729,13655,4499,18154,10205,13412,17899,31311,2017,4264
11/26/2020,35829,17914,53743,13628,4487,18115,10218,13437,17914,31351,2025,4277
11/27/2020,35817,17891,53708,13645,4510,18155,10205,13420,17891,31311,2008,4242
11/28/2020,35848,17897,53745,13664,4514,18178,10207,13421,17897,31318,2012,4249
11/29/2020,35839,17847,53686,13713,4508,18221,10181,13386,17847,31233,2003,4232
11/30/2020,35812,17780,53592,13692,4522,18214,10151,13349,17780,31129,2011,4249
12/01/2020,35754,17747,53501,13698,4516,18214,10117,13306,17747,31053,2002,4234
12/02/2020,35825,17809,53634,13700,4519,18219,10159,13363,17809,31172,2007,4243
12/03/2020,35839,17771,53610,13720,4534,18254,10142,13330,17771,31101,2015,4255
12/04/2020,35871,17805,53676,13726,4528,18254,10156,13349,17805,31154,2021,4268
12/05/2020,35907,17779,53686,13765,4554,18319,10132,13313,17779,31092,2024,4275
12/06/2020,35903,17771,53674,13760,4554,18314,10137,13316,17771,31087,2023,4273
12/07/2020,35880,17746,53626,13779,4545,18324,10113,13272,17746,31018,2028,4284
12/08/2020,35917,17781,53698,13787,4548,18335,10131,13308,17781,31089,2022,4274
12/09/2020,35953,17805,53758,13817,4558,18375,10142,13324,17805,31129,2013,4254
12/10/2020,35897,17773,53670,13783,4553,18336,10115,13296,17773,31069,2020,4265
12/11/2020,35903,17781,53684,13789,4562,18351,10115,13287,17781,31068,2020,4265
12/12/2020,35913,17781,53694,13791,4561,18352,10130,13301,17781,31082,2019,4260
12/13/2020,35984,17794,53778,13848,4570,18418,10131,13309,17794,31103,2016,4257
12/14/2020,35969,17743,53712,13865,4569,18434,10103,13282,17743,31025,2015,4253
12/15/2020,35961,17721,53682,13882,4556,18438,10093,13275,17721,30996,2012,4248
12/16/2020,35930,17674,53604,13878,4554,18432,10058,13231,17674,30905,2022,4267
12/17/2020,35991,17661,53652,13913,4558,18471,10067,13250,17661,30911,2025,4270
12/18/2020,35969,17661,53630,13875,4561,18436,10072,13266,17661,30927,2023,4267
12/19/2020,35930,17627,53557,13883,4548,18431,10055,13236,17627,30863,2021,4263
12/20/2020,36009,17656,53665,13932,4551,18483,10072,13256,17656,30912,2024,4270
12/21/2020,35872,17570,53442,13875,4549,18424,10016,13179,17570,30749,2024,4269
12/22/2020,35807,17549,53356,13856,4551,18407,10002,13157,17549,30706,2012,4243
12/23/2020,35787,17564,53351,13827,4537,18364,10022,13200,17564,30764,2003,4223
12/24/2020,35785,17600,53385,13849,4521,18370,10038,13218,17600,30818,1989,4197
12/25/2020,35839,17570,53409,13897,4521,18418,10021,13198,17570,30768,2001,4223
12/26/2020,35894,17576,53470,13931,4534,18465,10030,13211,17576,30787,1998,4218
12/27/2020,35942,17592,53534,13950,4542,18492,10039,13217,17592,30809,2004,4233
12/28/2020,35844,17505,53349,13908,4557,18465,9986,13143,17505,30648,2006,4236
12/29/2020,35789,17417,53206,13952,4562,18514,9930,13074,17417,30491,1990,4201
12/30/2020,35663,17422,53085,13850,4535,18385,9927,13077,17422,30499,1989,4201
12/31/2020,35473,17401,52874,13692,4497,18189,9916,13074,17401,30475,1995,4210
01/01/2021,35719,17427,53146,13861,4524,18385,9946,13110,17427,30537,2000,4224
01/02/2021,35690,17438,53128,13854,4507,18361,9950,13116,17438,30554,1994,4213
01/03/2021,35802,17457,53259,13925,4530,18455,9968,13144,17457,30601,1990,4203
01/04/2021,35590,17365,52955,13787,4504,18291,9908,13075,17365,30440,2000,4224
01/05/2021,35589,17316,52905,13876,4508,18384,9870,13029,17316,30345,1977,4176
01/06/2021,35585,17362,52947,13836,4522,18358,9896,13054,17362,30416,1975,4173
01/07/2021,35522,17259,52781,13859,4533,18392,9827,12955,17259,30214,1976,4175
01/08/2021,35534,17220,52754,13872,4526,18398,9817,12943,17220,30163,1984,4193
01/09/2021,35584,17261,52845,13875,4536,18411,9843,12974,17261,30235,1987,4199
01/10/2021,35668,17287,52955,13930,4548,18478,9859,12987,17287,30274,1990,4203
01/11/2021,35656,17250,52906,13943,4544,18487,9836,12965,17250,30215,1991,4204
01/12/2021,35547,17229,52776,13896,4540,18436,9809,12928,17229,30157,1980,4183
01/13/2021,35639,17256,52895,13943,4538,18481,9852,12971,17256,30227,1980,4187
01/14/2021,35503,17156,52659,13952,4552,18504,9761,12854,17156,30010,1964,4145
01/15/2021,35490,17119,52609,13919,4549,18468,9760,12865,17119,29984,1970,4157
01/16/2021,35554,17151,52705,13941,4558,18499,9791,12909,17151,30060,1966,4146
01/17/2021,35568,17160,52728,13940,4550,18490,9806,12927,17160,30087,1969,4151
01/18/2021,35631,17173,52804,13989,4558,18547,9809,12926,17173,30099,1970,4158
01/19/2021,35571,17118,52689,13974,4563,18537,9772,12880,17118,29998,1968,4154
01/20/2021,35589,17165,52754,13961,4569,18530,9799,12933,17165,30098,1957,4126
01/21/2021,35646,17207,52853,13965,4583,18548,9827,12964,17207,30171,1959,4134
01/22/2021,35642,17185,52827,13998,4571,18569,9813,12944,17185,30129,1957,4129
01/23/2021,35735,17270,53005,14036,4567,18603,9853,12997,17270,30267,1961,4135
01/24/2021,35664,17209,52873,14026,4574,18600,9818,12940,17209,30149,1955,4124
01/25/2021,35731,17192,52923,14066,4594,18660,9805,12926,17192,30118,1964,4145
01/26/2021,35659,17174,52833,14044,4583,18627,9798,12907,17174,30081,1956,4125
01/27/2021,35692,17198,52890,14020,4612,18632,9820,12941,17198,30139,1953,4119
01/28/2021,35668,17171,52839,14035,4596,18631,9802,12915,17171,30086,1954,4122
01/29/2021,35587,17147,52734,13948,4603,18551,9800,12905,17147,30052,1959,4131
01/30/2021,35563,17077,52640,13990,4595,18585,9758,12856,17077,29933,1954,4122
01/31/2021,35584,17079,52663,14010,4612,18622,9762,12856,17079,29935,1947,4106
02/01/2021,35632,17093,52725,14026,4620,18646,9774,12875,17093,29968,1949,4111
02/02/2021,35506,17075,52581,13952,4610,18562,9761,12853,17075,29928,1940,4091
02/03/2021,35467,17100,52567,13923,4590,18513,9777,12877,17100,29977,1931,4077
02/04/2021,35452,17100,52552,13883,4595,18478,9772,12883,17100,29983,1937,4091
02/05/2021,35366,17065,52431,13821,4576,18397,9759,12878,17065,29943,1938,4091
02/06/2021,35407,17064,52471,13843,4588,18431,9766,12873,17064,29937,1943,4103
02/07/2021,35410,17004,52414,13894,4592,18486,9731,12830,17004,29834,1939,4094
02/08/2021,35425,16957,52382,13937,4604,18541,9695,12778,16957,29735,1944,4106
02/09/2021,35455,17015,52470,13922,4595,18517,9738,12843,17015,29858,1938,4095
02/10/2021,35422,16985,52407,13922,4577,18499,9721,12825,16985,29810,1940,4098
02/11/2021,35366,16956,52322,13899,4573,18472,9699,12800,16956,29756,1938,4094
02/12/2021,35346,16943,52289,13909,4563,18472,9690,12789,16943,29732,1934,4085
02/13/2021,35391,16969,52360,13925,4567,18492,9709,12812,16969,29781,1935,4087
02/14/2021,35358,16959,52317,13940,4568,18508,9694,12784,16959,29743,1927,4066
02/15/2021,35323,16880,52203,13939,4578,18517,9647,12725,16880,29605,1933,4081
02/16/2021,35346,16995,52341,13861,4594,18455,9706,12805,16995,29800,1935,4086
02/17/2021,35248,16933,52181,13793,4588,18381,9689,12800,16933,29733,1925,4067
02/18/2021,35197,16929,52126,13775,4580,18355,9682,12781,16929,29710,1923,4061
02/19/2021,35269,16932,52201,13818,4576,18394,9692,12793,16932,29725,1934,4082
02/20/2021,35321,16938,52259,13868,4580,18448,9693,12797,16938,29735,1930,4076
02/21/2021,35260,16902,52162,13827,4570,18397,9670,12777,16902,29679,1935,4086
02/22/2021,35229,16908,52137,13816,4557,18373,9677,12780,16908,29688,1930,4076
02/23/2021,35249,16885,52134,13839,4564,18403,9660,12757,16885,29642,1937,4089
02/24/2021,35174,16824,51998,13859,4545,18404,9607,12692,16824,29516,1933,4078
02/25/2021,35182,16811,51993,13886,4541,18427,9606,12689,16811,29500,1926,4066
02/26/2021,35155,16828,51983,13861,4546,18407,9621,12705,16828,29533,1916,4043
02/27/2021,35165,16807,51972,13882,4556,18438,9612,12685,16807,29492,1914,4042
02/28/2021,35221,16794,52015,13918,4559,18477,9613,12693,16794,29487,1919,4051
03/01/2021,35195,16746,51941,13936,4543,18479,9593,12662,16746,29408,1920,4054
03/02/2021,35202,16746,51948,13962,4526,18488,9590,12658,16746,29404,1922,4056
03/03/2021,35108,16720,51828,13931,4503,18434,9579,12638,16720,29358,1913,4036
03/04/2021,35176,16720,51896,13989,4526,18515,9578,12626,16720,29346,1911,4035
03/05/2021,35103,16766,51869,13939,4485,18424,9598,12647,16766,29413,1908,4032
03/06/2021,35146,16794,51940,13955,4493,18448,9612,12678,16794,29472,1903,4020
03/07/2021,35232,16809,52041,14008,4505,18513,9624,12700,16809,29509,1903,4019
03/08/2021,35161,16720,51881,14011,4495,18506,9571,12639,16720,29359,1901,4016
03/09/2021,35052,16608,51660,13978,4509,18487,9508,12553,16608,29161,1898,4012
03/10/2021,35068,16617,51685,13998,4519,18517,9514,12556,16617,29173,1890,3995
03/11/2021,35087,16618,51705,14009,4530,18539,9531,12568,16618,29186,1883,3980
03/12/2021,34889,16550,51439,13939,4501,18440,9476,12489,16550,29039,1873,3960
03/13/2021,34900,16582,51482,13932,4508,18440,9491,12507,16582,29089,1869,3953
03/14/2021,34930,16546,51476,13954,4536,18490,9472,12490,16546,29036,1867,3950
03/15/2021,34926,16527,51453,13950,4532,18482,9462,12476,16527,29003,1875,3968
03/16/2021,34987,16484,51471,14031,4538,18569,9440,12452,16484,28936,1874,3966
03/17/2021,34879,16485,51364,13928,4526,18454,9434,12449,16485,28934,1878,3976
03/18/2021,34913,16498,51411,13948,4533,18481,9438,12454,16498,28952,1882,3978
03/19/2021,34852,16487,51339,13922,4504,18426,9430,12448,16487,28935,1885,3978
03/20/2021,34783,16467,51250,13877,4505,18382,9420,12432,16467,28899,1879,3969
03/21/2021,34810,16491,51301,13900,4509,18409,9440,12454,16491,28945,1869,3947
03/22/2021,34747,16422,51169,13911,4507,18418,9398,12391,16422,28813,1865,3938
03/23/2021,34683,16368,51051,13891,4504,18395,9375,12350,16368,28718,1864,3938
03/24/2021,34742,16342,51084,13928,4511,18439,9360,12338,16342,28680,1877,3965
03/25/2021,34693,16311,51004,13879,4517,18396,9352,12329,16311,28640,1879,3968
03/26/2021,34504,16261,50765,13790,4477,18267,9331,12295,16261,28556,1867,3942
03/27/2021,34511,16269,50780,13790,4459,18249,9340,12321,16269,28590,1868,3941
03/28/2021,34617,16267,50884,13869,4480,18349,9343,12329,16267,28596,1865,3939
03/29/2021,34600,16214,50814,13886,4484,18370,9313,12284,16214,28498,1868,3946
03/30/2021,34525,16227,50752,13820,4468,18288,9319,12303,16227,28530,1861,3934
03/31/2021,34542,16169,50711,13855,4467,18322,9300,12280,16169,28449,1863,3940
04/01/2021,34471,16178,50649,13816,4447,18263,9292,12266,16178,28444,1865,3942
04/02/2021,34420,16180,50600,13772,4444,18216,9285,12257,16180,28437,1867,3947
04/03/2021,34334,16161,50495,13732,4409,18141,9280,12247,16161,28408,1866,3946
04/04/2021,34419,16187,50606,13812,4406,18218,9299,12273,16187,28460,1859,3928
04/05/2021,34361,16145,50506,13781,4418,18199,9257,12217,16145,28362,1867,3945
04/06/2021,34225,16044,50269,13750,4404,18154,9205,12144,16044,28188,1859,3927
04/07/2021,34175,16031,50206,13729,4378,18107,9208,12153,16031,28184,1856,3915
04/08/2021,34140,16049,50189,13683,4380,18063,9220,12161,16049,28210,1856,3916
04/09/2021,34141,16015,50156,13713,4387,18100,9206,12142,16015,28157,1849,3899
04/10/2021,34106,16053,50159,13688,4358,18046,9218,12160,16053,28213,1849,3900
04/11/2021,34286,16050,50336,13820,4405,18225,9210,12155,16050,28205,1852,3906
04/12/2021,34225,15987,50212,13792,4418,18210,9184,12111,15987,28098,1854,3904
04/13/2021,34123,15992,50115,13727,4403,18130,9185,12111,15992,28103,1843,3882
04/14/2021,34077,16017,50094,13690,4391,18081,9197,12125,16017,28142,1839,3871
04/15/2021,34129,16003,50132,13738,4400,18138,9197,12118,16003,28121,1840,3873
04/16/2021,34110,15986,50096,13732,4394,18126,9191,12102,15986,28088,1843,3882
04/17/2021,34032,15947,49979,13699,4391,18090,9167,12065,15947,28012,1840,3877
04/18/2021,34028,15924,49952,13724,4375,18099,9150,12052,15924,27976,1840,3877
04/19/2021,33956,15911,49867,13657,4391,18048,9140,12029,15911,27940,1841,3879
04/20/2021,33857,15819,49676,13649,4361,18010,9095,11965,15819,27784,1843,3882
04/21/2021,33969,15883,49852,13733,4374,18107,9112,11996,15883,27879,1835,3866
04/22/2021,33956,15869,49825,13729,4371,18100,9106,11996,15869,27865,1832,3860
04/23/2021,33871,15875,49746,13628,4367,17995,9108,12009,15875,27884,1836,3867
04/24/2021,33869,15847,49716,13648,4359,18007,9106,12001,15847,27848,1835,3861
04/25/2021,33874,15822,49696,13694,4351,18045,9095,11977,15822,27799,1831,3852
04/26/2021,33850,15796,49646,13714,4344,18058,9075,11957,15796,27753,1821,3835
04/27/2021,33733,15789,49522,13605,4353,17958,9076,11950,15789,27739,1816,3825
04/28/2021,33771,15788,49559,13625,4355,17980,9080,11959,15788,27747,1821,3832
04/29/2021,33721,15735,49456,13625,4341,17966,9061,11936,15735,27671,1814,3819
04/30/2021,33622,15716,49338,13540,4321,17861,9054,11942,15716,27658,1815,3819
05/01/2021,33548,15711,49259,13506,4308,17814,9042,11921,15711,27632,1812,3813
05/02/2021,33533,15688,49221,13505,4308,17813,9026,11900,15688,27588,1816,3820
05/03/2021,33599,15609,49208,13582,4347,17929,9000,11851,15609,27460,1816,3819
05/04/2021,33564,15631,49195,13557,4352,17909,8997,11850,15631,27481,1811,3805
05/05/2021,33638,15629,49267,13606,4382,17988,9039,11858,15629,27487,1804,3792
05/06/2021,33560,15587,49147,13551,4389,17940,8985,11828,15587,27415,1803,3792
05/07/2021,33511,15606,49117,13490,4377,17867,8999,11844,15606,27450,1807,3800
05/08/2021,33466,15630,49096,13479,4360,17839,8994,11833,15630,27463,1804,3794
05/09/2021,33565,15619,49184,13614,4346,17960,8981,11814,15619,27433,1802,3791
05/10/2021,33430,15504,48934,13565,4361,17926,8920,11728,15504,27232,1795,3776
05/11/2021,33350,15458,48808,13537,4360,17897,8894,11700,15458,27158,1784,3753
05/12/2021,33309,15476,48785,13492,4352,17844,8916,11727,15476,27203,1778,3738
05/13/2021,33293,15515,48808,13474,4347,17821,8930,11730,15515,27245,1780,3742
05/14/2021,33266,15496,48762,13460,4336,17796,8934,11726,15496,27222,1781,3744
05/15/2021,33246,15536,48782,13427,4318,17745,8957,11758,15536,27294,1780,3743
05/16/2021,33241,15515,48756,13451,4326,17777,8937,11731,15515,27246,1775,3733
05/17/2021,33191,15456,48647,13429,4337,17766,8908,11686,15456,27142,1778,3739
05/18/2021,33074,15418,48492,13365,4325,17690,8905,11676,15418,27094,1763,3708
05/19/2021,33026,15346,48372,13396,4311,17707,8867,11618,15346,26964,1760,3701
05/20/2021,33012,15376,48388,13355,4328,17683,8875,11641,15376,27017,1754,3688
05/21/2021,32919,15375,48294,13285,4305,17590,8865,11621,15375,26996,1764,3708
05/22/2021,32877,15378,48255,13275,4294,17569,8859,11615,15378,26993,1757,3693
05/23/2021,32894,15341,48235,13343,4283,17626,8831,11587,15341,26928,1751,3681
05/24/2021,32944,15330,48274,13376,4310,17686,8824,11559,15330,26889,1760,3699
05/25/2021,32876,15312,48188,13333,4299,17632,8833,11570,15312,26882,1748,3674
05/26/2021,32873,15326,48199,13339,4297,17636,8838,11581,15326,26907,1740,3656
05/27/2021,32868,15372,48240,13312,4289,17601,8845,11592,15372,26964,1750,3675
05/28/2021,32888,15365,48253,13320,4305,17625,8852,11599,15365,26964,1744,3664
05/29/2021,32944,15347,48291,13377,4307,17684,8858,11607,15347,26954,1738,3653
05/30/2021,32968,15362,48330,13386,4285,17671,8879,11634,15362,26996,1743,3663
05/31/2021,32887,15341,48228,13317,4266,17583,8872,11629,15341,26970,1748,3675
06/01/2021,32826,15267,48093,13294,4280,17574,8835,11583,15267,26850,1744,3669
06/02/2021,32705,15256,47961,13216,4271,17487,8821,11563,15256,26819,1737,3655
06/03/2021,32801,15307,48108,13279,4272,17551,8842,11594,15307,26901,1738,3656
06/04/2021,32714,15270,47984,13213,4263,17476,8819,11571,15270,26841,1744,3667
06/05/2021,32613,15279,47892,13145,4242,17387,8830,11580,15279,26859,1733,3646
06/06/2021,32679,15298,47977,13196,4241,17437,8847,11600,15298,26898,1731,3642
06/07/2021,32704,15238,47942,13235,4261,17496,8800,11535,15238,26773,1746,3673
06/08/2021,32680,15239,47919,13246,4234,17480,8798,11546,15239,26785,1737,3654
06/09/2021,32597,15201,47798,13190,4241,17431,8776,11515,15201,26716,1735,3651
06/10/2021,32659,15288,47947,13202,4245,17447,8817,11566,15288,26854,1732,3646
06/11/2021,32623,15265,47888,13174,4248,17422,8808,11542,15265,26807,1740,3659
06/12/2021,32620,15253,47873,13195,4234,17429,8802,11545,15253,26798,1735,3646
06/13/2021,32652,15245,47897,13208,4263,17471,8800,11534,15245,26779,1736,3647
06/14/2021,32634,15195,47829,13241,4272,17513,8762,11467,15195,26662,1739,3654
06/15/2021,32573,15173,47746,13199,4263,17462,8759,11459,15173,26632,1738,3652
06/16/2021,32593,15169,47762,13204,4268,17472,8768,11473,15169,26642,1737,3648
06/17/2021,32493,15165,47658,13165,4242,17407,8755,11453,15165,26618,1728,3633
06/18/2021,32563,15192,47755,13214,4241,17455,8777,11486,15192,26678,1722,3622
06/19/2021,32486,15181,47667,13145,4238,17383,8775,11480,15181,26661,1722,3623
06/20/2021,32473,15171,47644,13125,4253,17378,8767,11471,15171,26642,1723,3624
06/21/2021,32445,15076,47521,13150,4262,17412,8704,11396,15076,26472,1728,3637
06/22/2021,32500,15109,47609,13158,4282,17440,8721,11417,15109,26526,1731,3643
06/23/2021,32335,15079,47414,13025,4272,17297,8703,11389,15079,26468,1733,3649
06/24/2021,32296,15082,47378,12954,4293,17247,8709,11399,15082,26481,1734,3650
06/25/2021,32188,15079,47267,12878,4272,17150,8709,11400,15079,26479,1729,3638
06/26/2021,32103,15101,47204,12831,4231,17062,8716,11412,15101,26513,1725,3629
06/27/2021,32052,15062,47114,12826,4214,17040,8685,11377,15062,26439,1728,3635
06/28/2021,32039,15037,47076,12805,4232,17037,8658,11351,15037,26388,1733,3651
06/29/2021,32023,15090,47113,12772,4215,16987,8691,11390,15090,26480,1730,3646
06/30/2021,31987,15058,47045,12752,4229,16981,8674,11361,15058,26419,1730,3645
07/01/2021,31326,14563,45889,12601,4212,16813,8327,10952,14563,25515,1690,3561
07/02/2021,31171,14519,45690,12479,4219,16698,8303,10910,14519,25429,1691,3563
07/03/2021,31049,14545,45594,12356,4195,16551,8324,10948,14545,25493,1685,3550
07/04/2021,30948,14563,45511,12221,4190,16411,8333,10964,14563,25527,1696,3573
07/05/2021,31033,14528,45561,12293,4231,16524,8314,10942,14528,25470,1693,3567
07/06/2021,31146,14549,45695,12386,4232,16618,8324,10963,14549,25512,1693,3565
07/07/2021,31012,14536,45548,12358,4184,16542,8303,10930,14536,25466,1681,3540
07/08/2021,31065,14500,45565,12438,4200,16638,8278,10904,14500,25404,1672,3523
07/09/2021,30943,14526,45469,12273,4207,16480,8291,10920,14526,25446,1682,3543
07/10/2021,30980,14525,45505,12299,4192,16491,8290,10934,14525,25459,1688,3555
07/11/2021,31026,14538,45564,12321,4190,16511,8307,10946,14538,25484,1695,3569
07/12/2021,31116,14538,45654,12414,4210,16624,8282,10930,14538,25468,1691,3562
07/13/2021,31058,14539,45597,12407,4176,16583,8282,10936,14539,25475,1680,3539
07/14/2021,31034,14490,45524,12425,4158,16583,8269,10907,14490,25397,1681,3544
07/15/2021,30993,14528,45521,12403,4129,16532,8305,10936,14528,25464,1673,3525
07/16/2021,30943,14545,45488,12386,4117,16503,8310,10939,14545,25484,1664,3501
07/17/2021,30954,14561,45515,12364,4115,16479,8325,10966,14561,25527,1666,3509
07/18/2021,30986,14550,45536,12396,4122,16518,8316,10951,14550,25501,1670,3517
07/19/2021,30906,14453,45359,12367,4115,16482,8273,10903,14453,25356,1672,3521
07/20/2021,30880,14435,45315,12349,4111,16460,8262,10890,14435,25325,1677,3530
07/21/2021,30823,14435,45258,12358,4100,16458,8257,10887,14435,25322,1653,3478
07/22/2021,30776,14429,45205,12310,4092,16402,8260,10895,14429,25324,1654,3479
07/23/2021,30678,14460,45138,12242,4084,16326,8287,10918,14460,25378,1632,3434
07/24/2021,30745,14497,45242,12270,4071,16341,8318,10958,14497,25455,1638,3446
07/25/2021,30798,14491,45289,12317,4086,16403,8306,10948,14491,25439,1639,3447
07/26/2021,30705,14443,45148,12338,4026,16364,8267,10886,14443,25329,1643,3455
07/27/2021,30552,14448,45000,12307,3923,16230,8271,10894,14448,25342,1630,3428
07/28/2021,30409,14454,44863,12267,3801,16068,8282,10901,14454,25355,1636,3440
07/29/2021,30691,14482,45173,12319,3989,16308,8299,10935,14482,25417,1640,3448
07/30/2021,30618,14483,45101,12248,3977,16225,8296,10930,14483,25413,1648,3463
07/31/2021,30443,14305,44748,12252,3982,16234,8192,10785,14305,25090,1630,3424
08/01/2021,30312,14274,44586,12215,3896,16111,8180,10765,14274,25039,1636,3436
08/02/2021,30452,14286,44738,12268,3975,16243,8181,10759,14286,25045,1644,3450
08/03/2021,30455,14389,44844,12220,3987,16207,8233,10824,14389,25213,1632,3424
08/04/2021,30601,14484,45085,12254,4004,16258,8292,10907,14484,25391,1638,3436
08/05/2021,30606,14507,45113,12240,4005,16245,8309,10935,14507,25442,1633,3426
08/06/2021,30553,14481,45034,12195,3994,16189,8302,10936,14481,25417,1634,3428
08/07/2021,30547,14473,45020,12192,4009,16201,8295,10924,14473,25397,1632,3422
08/08/2021,30695,14491,45186,12278,4021,16299,8309,10943,14491,25434,1646,3453
08/09/2021,30779,14486,45265,12318,4040,16358,8312,10955,14486,25441,1652,3466
08/10/2021,30813,14541,45354,12308,4067,16375,8335,10986,14541,25527,1645,3452
08/11/2021,30764,14527,45291,12295,4045,16340,8317,10965,14527,25492,1647,3459
08/12/2021,30708,14499,45207,12268,4057,16325,8304,10948,14499,25447,1635,3435
08/13/2021,30701,14512,45213,12251,4037,16288,8328,10970,14512,25482,1639,3443
08/14/2021,30684,14504,45188,12268,4024,16292,8330,10966,14504,25470,1630,3426
08/15/2021,30680,14522,45202,12229,4028,16257,8342,10983,14522,25505,1637,3440
08/16/2021,30740,14522,45262,12254,4048,16302,8347,10995,14522,25517,1639,3443
08/17/2021,30661,14542,45203,12211,4029,16240,8362,11015,14542,25557,1621,3406
08/18/2021,30551,14375,44926,12258,4047,16305,8259,10864,14375,25239,1609,3382
08/19/2021,30577,14382,44959,12289,4030,16319,8268,10879,14382,25261,1608,3379
08/20/2021,30523,14404,44927,12242,4025,16267,8278,10885,14404,25289,1605,3371
08/21/2021,30548,14433,44981,12259,4009,16268,8307,10924,14433,25357,1598,3356
08/22/2021,30658,14472,45130,12326,4026,16352,8330,10948,14472,25420,1599,3358
08/23/2021,30658,14474,45132,12303,4021,16324,8335,10947,14474,25421,1614,3387
08/24/2021,30529,14480,45009,12237,4010,16247,8326,10927,14480,25407,1598,3355
08/25/2021,30449,14433,44882,12217,3988,16205,8299,10885,14433,25318,1601,3359
08/26/2021,30444,14392,44836,12230,4012,16242,8272,10860,14392,25252,1592,3342
08/27/2021,30366,14420,44786,12156,3992,16148,8289,10892,14420,25312,1585,3326
08/28/2021,30368,14458,44826,12125,4003,16128,8315,10915,14458,25373,1585,3325
08/29/2021,30424,14480,44904,12152,4010,16162,8321,10931,14480,25411,1588,3331
08/30/2021,30439,14446,44885,12176,4007,16183,8302,10898,14446,25344,1601,3358
08/31/2021,30342,14425,44767,12131,4003,16134,8293,10870,14425,25295,1591,3338
09/01/2021,30383,14456,44839,12148,3993,16141,8313,10897,14456,25353,1595,3345
09/02/2021,30363,14475,44838,12145,3970,16115,8314,10919,14475,25394,1588,3329
09/03/2021,30359,14509,44868,12086,3981,16067,8329,10952,14509,25461,1594,3340
09/04/2021,30325,14570,44895,12013,3972,15985,8371,11007,14570,25577,1591,3333
09/05/2021,30404,14604,45008,12043,3981,16024,8388,11024,14604,25628,1601,3356
09/06/2021,30334,14536,44870,12029,3970,15999,8354,10979,14536,25515,1601,3356
09/07/2021,30532,14586,45118,12160,3999,16159,8378,11015,14586,25601,1602,3358
09/08/2021,30415,14585,45000,12083,3996,16079,8374,11006,14585,25591,1587,3330
09/09/2021,30515,14616,45131,12172,4016,16188,8387,11021,14616,25637,1576,3306
09/10/2021,30426,14617,45043,12087,3992,16079,8400,11039,14617,25656,1577,3308
09/11/2021,30370,14659,45029,12008,3988,15996,8416,11063,14659,25722,1579,3311
09/12/2021,30438,14650,45088,12069,3999,16068,8411,11053,14650,25703,1582,3317
09/13/2021,30420,14572,44992,12111,4005,16116,8341,10965,14572,25537,1593,3339
09/14/2021,30474,14581,45055,12145,4030,16175,8353,10983,14581,25564,1582,3316
09/15/2021,30485,14617,45102,12149,4034,16183,8378,11007,14617,25624,1573,3295
09/16/2021,30510,14623,45133,12164,4032,16196,8378,11012,14623,25635,1576,3302
09/17/2021,30476,14641,45117,12109,4015,16124,8400,11044,14641,25685,1579,3308
09/18/2021,30487,14654,45141,12074,4032,16106,8415,11073,14654,25727,1579,3308
09/19/2021,30598,14707,45305,12124,4038,16162,8452,11116,14707,25823,1585,3320
09/20/2021,30611,14653,45264,12161,4064,16225,8412,11053,14653,25706,1592,3333
09/21/2021,30670,14732,45402,12186,4059,16245,8460,11109,14732,25841,1585,3316
09/22/2021,30596,14616,45212,12214,4076,16290,8383,11013,14616,25629,1573,3293
09/23/2021,30645,14656,45301,12253,4090,16343,8406,11031,14656,25687,1562,3271
09/24/2021,30599,14721,45320,12161,4073,16234,8436,11082,14721,25803,1568,3283
09/25/2021,30683,14760,45443,12180,4082,16262,8466,11125,14760,25885,1573,3296
09/26/2021,30764,14750,45514,12261,4079,16340,8471,11125,14750,25875,1575,3299
09/27/2021,30827,14789,45616,12272,4076,16348,8495,11161,14789,25950,1585,3318
09/28/2021,30803,14741,45544,12312,4080,16392,8478,11126,14741,25867,1569,3285
09/29/2021,30801,14812,45613,12291,4061,16352,8503,11156,14812,25968,1570,3293
09/30/2021,30826,14798,45624,12286,4100,16386,8500,11157,14798,25955,1565,3283
10/01/2021,30769,14815,45584,12199,4090,16289,8513,11177,14815,25992,1575,3303
10/02/2021,30648,14833,45481,12105,4067,16172,8532,11207,14833,26040,1558,3269
10/03/2021,30818,14863,45681,12210,4088,16298,8545,11228,14863,26091,1569,3292
10/04/2021,30903,14797,45700,12321,4109,16430,8516,11189,14797,25986,1565,3284
10/05/2021,30943,14839,45782,12349,4090,16439,8540,11212,14839,26051,1569,3292
10/06/2021,30941,14817,45758,12359,4085,16444,8537,11212,14817,26029,1566,3285
10/07/2021,30919,14847,45766,12315,4078,16393,8539,11222,14847,26069,1577,3304
10/08/2021,30928,14923,45851,12296,4073,16369,8586,11275,14923,26198,1566,3284
10/09/2021,30963,14947,45910,12279,4073,16352,8603,11302,14947,26249,1578,3309
10/10/2021,31010,14907,45917,12326,4098,16424,8585,11272,14907,26179,1581,3314
10/11/2021,31049,14851,45900,12417,4099,16516,8547,11217,14851,26068,1580,3316
10/12/2021,31029,14857,45886,12374,4115,16489,8554,11221,14857,26078,1581,3319
10/13/2021,31159,14955,46114,12420,4123,16543,8614,11296,14955,26251,1581,3320
10/14/2021,31068,14911,45979,12373,4101,16474,8590,11270,14911,26181,1584,3324
10/15/2021,30984,14938,45922,12312,4084,16396,8604,11273,14938,26211,1580,3315
10/16/2021,30938,14972,45910,12295,4075,16370,8615,11288,14972,26260,1563,3280
10/17/2021,31088,14949,46037,12406,4081,16487,8613,11287,14949,26236,1580,3314
10/18/2021,31085,14900,45985,12410,4108,16518,8592,11260,14900,26160,1577,3307
10/19/2021,31120,14906,46026,12453,4120,16573,8585,11248,14906,26154,1575,3299
10/20/2021,31087,14930,46017,12379,4135,16514,8604,11275,14930,26205,1575,3298
10/21/2021,31102,14937,46039,12365,4148,16513,8611,11285,14937,26222,1577,3304
10/21/2021,31102,14937,46039,12365,4148,16513,8611,11285,14937,26222,1577,3304
10/22/2021,31052,14961,46013,12322,4117,16439,8624,11306,14961,26267,1578,3307
10/23/2021,31100,14976,46076,12346,4113,16459,8639,11319,14976,26295,1584,3322
10/24/2021,31200,14973,46173,12451,4126,16577,8640,11319,14973,26292,1576,3304
10/25/2021,31042,14865,45907,12461,4032,16493,8578,11237,14865,26102,1579,3312
10/26/2021,31123,14886,46009,12458,4160,16618,8579,11237,14886,26123,1559,3268
10/27/2021,31090,14921,46011,12425,4141,16566,8599,11260,14921,26181,1559,3264
10/28/2021,31220,14927,46147,12500,4179,16679,8599,11256,14927,26183,1567,3285
10/29/2021,31187,14931,46118,12478,4151,16629,8616,11284,14931,26215,1562,3274
10/30/2021,31111,14893,46004,12455,4127,16582,8596,11259,14893,26152,1560,3270
10/31/2021,31023,14887,45910,12386,4113,16499,8591,11257,14887,26144,1559,3267
11/01/2021,31094,14822,45916,12476,4147,16623,8541,11196,14822,26018,1563,3275
11/02/2021,31127,14852,45979,12490,4161,16651,8559,11218,14852,26070,1555,3258
11/03/2021,31190,14840,46030,12553,4175,16728,8562,11220,14840,26060,1547,3242
11/04/2021,31285,14903,46188,12641,4172,16813,8582,11243,14903,26146,1541,3229
11/05/2021,31194,14922,46116,12539,4164,16703,8592,11254,14922,26176,1544,3237
11/06/2021,31050,14898,45948,12486,4117,16603,8558,11202,14898,26100,1549,3245
11/08/2021,31118,14809,45927,12538,4148,16686,8524,11162,14809,25971,1563,3270
11/09/2021,31036,14756,45792,12544,4150,16694,8493,11125,14756,25881,1537,3217
11/10/2021,31037,14806,45843,12502,4143,16645,8523,11165,14806,25971,1540,3227
11/11/2021,31107,14812,45919,12537,4164,16701,8537,11186,14812,25998,1536,3220
11/12/2021,31038,14783,45821,12492,4148,16640,8539,11182,14783,25965,1534,3216
11/13/2021,31085,14860,45945,12498,4129,16627,8569,11235,14860,26095,1538,3223
11/14/2021,31155,14812,45967,12575,4152,16727,8541,11195,14812,26007,1543,3233
11/15/2021,31176,14761,45937,12622,4151,16773,8521,11174,14761,25935,1541,3229
11/16/2021,31119,14769,45888,12597,4152,16749,8523,11168,14769,25937,1528,3202
11/17/2021,31179,14804,45983,12604,4181,16785,8554,11202,14804,26006,1523,3192
11/18/2021,31101,14781,45882,12577,4155,16732,8545,11196,14781,25977,1514,3173
11/19/2021,31010,14795,45805,12546,4130,16676,8545,11198,14795,25993,1496,3136
11/20/2021,31053,14775,45828,12565,4131,16696,8547,11208,14775,25983,1503,3149
11/21/2021,31028,14728,45756,12577,4132,16709,8511,11153,14728,25881,1511,3166
11/22/2021,31069,14769,45838,12560,4165,16725,8528,11182,14769,25951,1509,3162
11/22/2021,31069,14769,45838,12560,4165,16725,8528,11182,14769,25951,1509,3162
11/23/2021,31043,14691,45734,12610,4163,16773,8481,11132,14691,25823,1497,3138
11/24/2021,31001,14745,45746,12551,4133,16684,8513,11172,14745,25917,1502,3145
11/25/2021,30946,14788,45734,12452,4105,16557,8544,11222,14788,26010,1512,3167
11/26/2021,30919,14790,45709,12420,4122,16542,8550,11228,14790,26018,1503,3149
11/27/2021,30978,14726,45704,12527,4122,16649,8514,11181,14726,25907,1503,3148
11/28/2021,31022,14714,45736,12563,4132,16695,8500,11157,14714,25871,1514,3170
11/29/2021,31120,14713,45833,12616,4169,16785,8494,11166,14713,25879,1513,3169
11/30/2021,31110,14727,45837,12617,4182,16799,8498,11169,14727,25896,1501,3142
12/01/2021,31063,14760,45823,12583,4154,16737,8498,11166,14760,25926,1509,3160
12/02/2021,30944,14727,45671,12510,4150,16660,8496,11160,14727,25887,1491,3124
12/03/2021,30872,14725,45597,12449,4140,16589,8484,11152,14725,25877,1495,3131
12/04/2021,30901,14787,45688,12459,4120,16579,8512,11190,14787,25977,1495,3132
12/05/2021,30943,14802,45745,12466,4137,16603,8516,11198,14802,26000,1500,3142
12/06/2021,30991,14787,45778,12534,4146,16680,8498,11164,14787,25951,1502,3147
12/07/2021,31007,14773,45780,12545,4169,16714,8500,11168,14773,25941,1491,3125
12/08/2021,31054,14782,45836,12595,4157,16752,8507,11177,14782,25959,1491,3125
12/09/2021,31015,14816,45831,12536,4156,16692,8529,11207,14816,26023,1486,3116
12/10/2021,30991,14908,45899,12456,4125,16581,8581,11274,14908,26182,1496,3136
12/11/2021,30910,14855,45765,12445,4094,16539,8560,11254,14855,26109,1487,3117
12/12/2021,31071,14855,45926,12556,4131,16687,8559,11247,14855,26102,1497,3137
12/13/2021,31084,14861,45945,12546,4153,16699,8553,11248,14861,26109,1497,3137
12/14/2021,31040,14830,45870,12558,4150,16708,8547,11232,14830,26062,1480,3100
12/15/2021,30949,14735,45684,12558,4138,16696,8501,11170,14735,25905,1472,3083
12/16/2021,30965,14756,45721,12566,4112,16678,8513,11191,14756,25947,1478,3096
12/17/2021,30839,14773,45612,12450,4083,16533,8526,11217,14773,25990,1476,3089
12/18/2021,30853,14772,45625,12482,4086,16568,8520,11214,14772,25986,1467,3071
12/19/2021,30926,14737,45663,12561,4090,16651,8511,11201,14737,25938,1467,3074
12/20/2021,30931,14665,45596,12561,4127,16688,8463,11140,14665,25805,1481,3103
12/23/2021,30897,14674,45571,12534,4133,16667,8467,11152,14674,25826,1470,3078
12/24/2021,30741,14658,45399,12410,4112,16522,8460,11152,14658,25810,1465,3067
12/25/2021,30696,14705,45401,12368,4064,16432,8482,11187,14705,25892,1470,3077
12/26/2021,30786,14659,45445,12504,4070,16574,8460,11161,14659,25820,1457,3051
12/27/2021,30788,14576,45364,12536,4079,16615,8413,11106,14576,25682,1465,3067
12/28/2021,30665,14574,45239,12481,4098,16579,8384,11056,14574,25630,1447,3030
12/29/2021,30687,14612,45299,12497,4062,16559,8413,11102,14612,25714,1445,3026
12/30/2021,30644,14601,45245,12444,4057,16501,8417,11112,14601,25713,1449,3031
12/31/2021,30400,14596,44996,12269,3978,16247,8430,11126,14596,25722,1447,3027
01/01/2022,30554,14659,45213,12354,3993,16347,8455,11166,14659,25825,1453,3041
01/02/2022,30622,14663,45285,12397,4037,16434,8459,11172,14663,25835,1441,3016
01/03/2022,30674,14589,45263,12488,4035,16523,8421,11120,14589,25709,1448,3031
01/04/2022,30630,14508,45138,12526,4039,16565,8380,11042,14508,25550,1445,3023
01/05/2022,30670,14581,45251,12498,4043,16541,8416,11087,14581,25668,1455,3042
01/06/2022,30682,14613,45295,12488,4032,16520,8435,11129,14613,25742,1451,3033
01/07/2022,30684,14654,45338,12459,4036,16495,8463,11173,14654,25827,1443,3016
01/08/2022,30689,14622,45311,12510,4030,16540,8455,11146,14622,25768,1437,3003
01/09/2022,30682,14596,45278,12483,4063,16546,8434,11121,14596,25717,1443,3015
01/10/2022,30685,14558,45243,12520,4058,16578,8417,11098,14558,25656,1440,3009
01/11/2022,30739,14602,45341,12563,4040,16603,8437,11123,14602,25725,1442,3013
01/13/2022,30714,14621,45335,12514,4043,16557,8456,11151,14621,25772,1437,3006
01/13/2022,30714,14621,45335,12514,4043,16557,8456,11151,14621,25772,1437,3006
01/14/2022,30733,14559,45292,12533,4078,16611,8421,11109,14559,25668,1440,3013
01/15/2022,30755,14573,45328,12544,4076,16620,8438,11132,14573,25705,1435,3003
01/16/2022,30740,14588,45328,12512,4068,16580,8447,11147,14588,25735,1440,3013
01/17/2022,30820,14609,45429,12571,4070,16641,8460,11161,14609,25770,1443,3018
01/18/2022,30853,14597,45450,12616,4079,16695,8455,11162,14597,25759,1434,2996
01/19/2022,30715,14548,45263,12571,4055,16626,8418,11116,14548,25664,1423,2973
01/20/2022,30811,14590,45401,12619,4070,16689,8446,11143,14590,25733,1428,2979
01/21/2022,30738,14554,45292,12571,4082,16653,8414,11111,14554,25665,1425,2974
01/22/2022,30810,14586,45396,12625,4067,16692,8440,11140,14586,25726,1427,2978
01/23/2022,30749,14597,45346,12570,4042,16612,8445,11144,14597,25741,1435,2993
01/24/2022,30857,14641,45498,12624,4066,16690,8465,11169,14641,25810,1437,2998
01/25/2022,30802,14565,45367,12626,4074,16700,8426,11124,14565,25689,1428,2978
01/26/2022,30844,14592,45436,12678,4052,16730,8431,11139,14592,25731,1427,2975
01/27/2022,30872,14648,45520,12656,4040,16696,8480,11193,14648,25841,1431,2983
01/28/2022,30845,14670,45515,12618,4045,16663,8487,11213,14670,25883,1424,2969
01/29/2022,30826,14637,45463,12635,4020,16655,8474,11199,14637,25836,1425,2972
01/30/2022,30771,14595,45366,12614,4014,16628,8440,11155,14595,25750,1433,2988
01/31/2022,30733,14583,45316,12533,4046,16579,8442,11147,14583,25730,1442,3007
02/01/2022,30700,14506,45206,12565,4037,16602,8409,11101,14506,25607,1436,2997
02/02/2022,30678,14586,45264,12553,3985,16538,8448,11157,14586,25743,1428,2983
02/03/2022,30635,14591,45226,12490,3981,16471,8458,11162,14591,25753,1437,3002
02/04/2022,30622,14592,45214,12503,3972,16475,8450,11151,14592,25743,1433,2996
02/05/2022,30584,14608,45192,12500,3929,16429,8455,11162,14608,25770,1432,2993
02/06/2022,30772,14634,45406,12608,3968,16576,8465,11181,14634,25815,1443,3015
02/07/2022,30660,14533,45193,12592,3959,16551,8406,11108,14533,25641,1436,3001
02/08/2022,30630,14532,45162,12561,3991,16552,8401,11092,14532,25624,1428,2986
02/09/2022,30695,14578,45273,12555,4012,16567,8424,11124,14578,25702,1437,3004
02/10/2022,30612,14476,45088,12565,4008,16573,8371,11042,14476,25518,1432,2997
02/11/2022,30524,14530,45054,12439,4007,16446,8408,11089,14530,25619,1427,2989
02/12/2022,30586,14558,45144,12472,3984,16456,8415,11115,14558,25673,1440,3015
02/13/2022,30734,14576,45310,12564,4016,16580,8432,11137,14576,25713,1441,3017
02/14/2022,30774,14521,45295,12607,4021,16628,8400,11095,14521,25616,1458,3051
02/15/2022,30718,14429,45147,12642,4032,16674,8338,11025,14429,25454,1443,3019
02/16/2022,30722,14462,45184,12625,4037,16662,8359,11055,14462,25517,1437,3005
02/17/2022,30706,14518,45224,12604,4015,16619,8387,11091,14518,25609,1431,2996
02/17/2022,30706,14518,45224,12604,4015,16619,8387,11091,14518,25609,1431,2996
02/18/2022,30640,14517,45157,12554,4003,16557,8401,11098,14517,25615,1426,2985
02/19/2022,30632,14557,45189,12519,3998,16517,8425,11132,14557,25689,1425,2983
02/20/2022,30712,14510,45222,12624,4005,16629,8386,11085,14510,25595,1432,2998
02/21/2022,30793,14531,45324,12649,4035,16684,8393,11101,14531,25632,1437,3008
02/22/2022,30819,14507,45326,12620,4082,16702,8394,11101,14507,25608,1440,3016
02/23/2022,30777,14476,45253,12604,4095,16699,8389,11075,14476,25551,1434,3003
02/24/2022,30755,14470,45225,12603,4092,16695,8390,11080,14470,25550,1423,2980
02/25/2022,30779,14546,45325,12609,4074,16683,8425,11123,14546,25669,1419,2973
02/26/2022,30768,14615,45383,12568,4055,16623,8459,11170,14615,25785,1422,2975
02/27/2022,30828,14627,45455,12612,4061,16673,8464,11174,14627,25801,1424,2981
02/28/2022,30816,14560,45376,12626,4067,16693,8433,11122,14560,25682,1433,3001
03/01/2022,30726,14563,45289,12550,4071,16621,8432,11123,14563,25686,1424,2982
03/02/2022,30776,14593,45369,12588,4079,16667,8439,11141,14593,25734,1417,2968
03/03/2022,30675,14601,45276,12518,4043,16561,8440,11152,14601,25753,1414,2962
03/04/2022,30642,14607,45249,12478,4019,16497,8441,11163,14607,25770,1424,2982
03/05/2022,30553,14629,45182,12445,3992,16437,8447,11176,14629,25805,1403,2940
03/06/2022,30571,14628,45199,12450,3993,16443,8449,11178,14628,25806,1408,2950
03/07/2022,30715,14576,45291,12552,4037,16589,8410,11125,14576,25701,1433,3001
03/08/2022,30702,14511,45213,12566,4054,16620,8394,11104,14511,25615,1421,2978
03/09/2022,30802,14533,45335,12630,4086,16716,8401,11110,14533,25643,1419,2976
03/10/2022,30681,14500,45181,12543,4060,16603,8391,11103,14500,25603,1418,2975
03/11/2022,30677,14571,45248,12532,4019,16551,8435,11159,14571,25730,1414,2967
03/12/2022,30722,14537,45259,12579,4035,16614,8417,11140,14537,25677,1414,2968
03/13/2022,30715,14546,45261,12526,4059,16585,8429,11159,14546,25705,1415,2971
03/13/2022,30715,14546,45261,12526,4059,16585,8429,11159,14546,25705,1415,2971
03/14/2022,30765,14544,45309,12557,4076,16633,8435,11158,14544,25702,1417,2974
03/14/2022,30765,14544,45309,12557,4076,16633,8435,11158,14544,25702,1417,2974
03/15/2022,30623,14535,45158,12471,4071,16542,8428,11148,14535,25683,1396,2933
03/15/2022,30623,14535,45158,12471,4071,16542,8428,11148,14535,25683,1396,2933
03/16/2022,30575,14561,45136,12477,4033,16510,8435,11149,14561,25710,1389,2916
03/17/2022,30628,14604,45232,12501,4042,16543,8448,11165,14604,25769,1392,2920
03/18/2022,30498,14613,45111,12429,3987,16416,8446,11171,14613,25784,1387,2911
03/19/2022,30492,14646,45138,12424,3957,16381,8464,11189,14646,25835,1393,2922
03/20/2022,30632,14668,45300,12510,3991,16501,8477,11212,14668,25880,1392,2919
03/21/2022,30670,14664,45334,12498,4011,16509,8478,11209,14664,25873,1408,2952
03/22/2022,30632,14586,45218,12535,4031,16566,8425,11121,14586,25707,1405,2945
03/23/2022,30677,14584,45261,12571,4053,16624,8428,11126,14584,25710,1396,2927
